Ntel	Nlay	Nstr	b		a		Threshold	Comment	
0	0	1	-9.54778e-01	1.05412e-02	1.00000e+00	!S111
0	0	2	-6.64615e-01	1.03826e-02	1.00000e+00	!S112
0	0	3	-8.25762e-01	1.05087e-02	1.00000e+00	!S113
0	0	4	-7.70443e-01	1.03855e-02	1.00000e+00	!S114
0	0	5	-8.07444e-01	1.04151e-02	1.00000e+00	!S115
0	0	6	-7.17527e-01	1.02551e-02	1.00000e+00	!S116
0	0	7	-8.35224e-01	1.02505e-02	1.00000e+00	!S117
0	0	8	-8.09194e-01	1.03680e-02	1.00000e+00	!S118
0	0	9	-8.28989e-01	1.04357e-02	1.00000e+00	!S119
0	0	10	-6.46250e-01	1.03896e-02	1.00000e+00	!S1110
0	0	11	-8.49751e-01	1.03759e-02	1.00000e+00	!S1111
0	0	12	-9.79599e-01	1.03375e-02	1.00000e+00	!S1112
0	0	13	-7.84190e-01	1.03097e-02	1.00000e+00   !S1113
0	0	14	-1.00367e+00	1.04577e-02	1.00000e+00	!S1114
0	0	15	-1.20431e+00	1.04917e-02	1.00000e+00	!S1115
0	0	16	-1.02873e+00	1.05871e-02	1.00000e+00	!S1116
0	1	1	-1.11905e+00	1.09201e-02	1.00000e+00	!R121
0	1	2	-7.12351e-01	1.02389e-02	1.00000e+00	!R122
0	1	3	-1.19095e+00	1.04352e-02	1.00000e+00	!R123
0	1	4	-9.03614e-01	1.04617e-02	1.00000e+00	!R124
0	1	5	-9.31174e-01	1.00193e-02	1.00000e+00	!R125
0	1	6	-8.97734e-01	1.03325e-02	1.00000e+00	!R126
0	1	7	-1.09864e+00	1.02884e-02	1.00000e+00	!R127
0	1	8	-9.23688e-01	1.04281e-02	1.00000e+00	!R128
0	1	9	-9.19564e-01	1.04066e-02	1.00000e+00	!R129
0	1	10	-1.10446e+00	1.03326e-02	1.00000e+00	!R1210
0	1	11	-9.11609e-01	1.04555e-02	1.00000e+00	!R1211
0	1	12	-1.04608e+00	1.03012e-02	1.00000e+00	!R1212
0	1	13	-1.16419e+00	1.03402e-02	1.00000e+00	!R1213
0	1	14	-9.69679e-01	1.05614e-02	1.00000e+00	!R1214
0	1	15	-9.72188e-01	1.04296e-02	1.00000e+00	!R1215
0	1	16	-9.77152e-01	1.02741e-02	1.00000e+00	!R1216
1	0	1	-2.57842e+00	2.33947e-02	2.50000e+00	!X211
1	0	2	-2.11753e+00	2.38089e-02	2.50000e+00	!X212
1	0	3	-2.13964e+00	2.38951e-02	2.50000e+00	!X213
1	0	4	-1.97140e+00	2.41659e-02	2.50000e+00	!X214
1	0	5	-2.50801e+00	2.43176e-02	2.50000e+00	!X215
1	0	6	-2.39303e+00	2.35602e-02	2.50000e+00	!X216
1	0	7	-2.26704e+00	2.37184e-02	2.50000e+00	!X217
1	0	8	-1.75610e+00	2.34482e-02	2.50000e+00	!X218
1	0	9	-2.99642e+00	2.34745e-02	2.50000e+00	!X219
1	0	10	-2.29401e+00	2.42276e-02	2.50000e+00	!X2110
1	0	11	-2.74594e+00	2.36946e-02	2.50000e+00	!X2111
1	0	12	-2.49015e+00	2.31761e-02	2.50000e+00	!X2112
1	0	13	-2.48172e+00	2.35329e-02	2.50000e+00	!X2113
1	0	14	-2.82290e+00	2.37632e-02	2.50000e+00	!X2114
1	0	15	-2.08491e+00	2.34061e-02	2.50000e+00	!X2115
1	0	16	-2.67420e+00	2.38204e-02	2.50000e+00	!X2116
1	1	1	-1.98645e+00	2.13364e-02	2.50000e+00	!Y221
1	1	2	-1.76824e+00	2.18803e-02	2.50000e+00	!Y222
1	1	3	-1.57722e+00	2.20586e-02	2.50000e+00	!Y223
1	1	4	-2.17038e+00	2.21930e-02	2.50000e+00	!Y224
1	1	5	-1.97004e+00	2.18470e-02	2.50000e+00	!Y225
1	1	6	-1.99380e+00	2.19804e-02	2.50000e+00	!Y226
1	1	7	-1.88654e+00	2.17200e-02	2.50000e+00	!Y227
1	1	8	-1.26353e+00	2.21934e-02	2.50000e+00	!Y228
1	1	9	-1.62446e+00	2.19011e-02	2.50000e+00	!Y229
1	1	10	-1.68861e+00	2.19684e-02	2.50000e+00	!Y2210
1	1	11	-1.27077e+00	2.19730e-02	2.50000e+00	!Y2211
1	1	12	-1.12423e+00	2.21407e-02	2.50000e+00	!Y2212
1	1	13	-1.46575e+00	2.18615e-02	2.50000e+00	!Y2213
1	1	14	-1.60193e+00	2.21393e-02	2.50000e+00	!Y2214
1	1	15	-2.04426e+00	2.18469e-02	2.50000e+00	!Y2215
1	1	16	-2.25107e+00	2.19174e-02	2.50000e+00	!Y2216
1	2	1	-2.03236e+00	2.37894e-02	0.70000e+00	!Y231
1	2	2	-2.09168e+00	2.39015e-02	0.70000e+00	!Y232
1	2	3	-1.67503e+00	2.37364e-02	0.70000e+00	!Y233
1	2	4	-2.00506e+00	2.37811e-02	0.70000e+00	!Y234
1	2	5	-1.88698e+00	2.34016e-02	0.70000e+00	!Y235
1	2	6	-2.12221e+00	2.33240e-02	0.70000e+00	!Y236
1	2	7	-1.33439e+00	2.37873e-02	0.70000e+00	!Y237
1	2	8	-1.66143e+00	2.35089e-02	0.70000e+00	!Y238
1	2	9	-1.85614e+00	2.38133e-02	0.70000e+00	!Y239
1	2	10	-2.30463e+00	2.34981e-02	0.70000e+00	!Y2310
1	2	11	-2.31468e+00	2.35443e-02	0.70000e+00	!Y2311
1	2	12	-1.62325e+00	2.34755e-02	0.70000e+00	!Y2312
1	2	13	-2.19328e+00	2.36854e-02	0.70000e+00	!Y2313
1	2	14	-1.50208e+00	2.37264e-02	0.70000e+00	!Y2314
1	2	15	-2.32633e+00	2.38335e-02	0.70000e+00	!Y2315
1	2	16	-2.20430e+00	2.35713e-02	0.70000e+00	!Y2316
1	3	1	-1.86781e+00	2.37359e-02	0.70000e+00	!Y241
1	3	2	-1.80583e+00	2.40119e-02	0.70000e+00	!Y242
1	3	3	-2.19416e+00	2.37819e-02	0.70000e+00	!Y243
1	3	4	-1.95640e+00	2.46428e-02	0.70000e+00	!Y244
1	3	5	-2.52631e+00	2.42989e-02	0.70000e+00	!Y245
1	3	6	-1.55836e+00	2.40645e-02	0.70000e+00	!Y246
1	3	7	-2.46856e+00	2.47474e-02	0.70000e+00	!Y247
1	3	8	-1.97243e+00	2.31637e-02	0.70000e+00	!Y248
1	3	9	-2.09631e+00	2.36665e-02	0.70000e+00	!Y249
1	3	10	-1.76550e+00	2.35885e-02	0.70000e+00	!Y2410
1	3	11	-2.22016e+00	2.37016e-02	0.70000e+00	!Y2411
1	3	12	-2.53593e+00	2.41857e-02	0.70000e+00	!Y2412
1	3	13	-2.26751e+00	2.42172e-02	0.70000e+00	!Y2413
1	3	14	-1.90275e+00	2.44945e-02	0.70000e+00	!Y2414
1	3	15	-2.36307e+00	2.37759e-02	0.70000e+00	!Y2415
1	3	16	-1.98683e+00	2.41982e-02	0.70000e+00	!Y2416
1	4	1	-2.63367e+00	2.37769e-02	0.70000e+00	!Y251
1	4	2	-1.91196e+00	2.33712e-02	0.70000e+00	!Y252
1	4	3	-2.52383e+00	2.36644e-02	0.70000e+00	!Y253
1	4	4	-2.06484e+00	2.34174e-02	0.70000e+00	!Y254
1	4	5	-2.17934e+00	2.35657e-02	0.70000e+00	!Y255
1	4	6	-1.75320e+00	2.34948e-02	0.70000e+00	!Y256
1	4	7	-2.20506e+00	2.33990e-02	0.70000e+00	!Y257
1	4	8	-2.66275e+00	2.31872e-02	0.70000e+00	!Y258
1	4	9	-2.00624e+00	2.33738e-02	0.70000e+00	!Y259
1	4	10	-2.42099e+00	2.29094e-02	0.70000e+00	!Y2510
1	4	11	-2.46040e+00	2.33452e-02	0.70000e+00	!Y2511
1	4	12	-2.62496e+00	2.33267e-02	0.70000e+00	!Y2512
1	4	13	-2.86451e+00	2.30924e-02	0.70000e+00	!Y2513
1	4	14	-2.29499e+00	2.35366e-02	0.70000e+00	!Y2514
1	4	15	-2.84633e+00	2.33195e-02	0.70000e+00	!Y2515
1	4	16	-2.16070e+00	2.37557e-02	0.70000e+00	!Y2516
1	5	1	-2.18525e+00	2.23968e-02	0.70000e+00	!Y261
1	5	2	-2.00670e+00	2.19192e-02	0.70000e+00	!Y262
1	5	3	-1.61065e+00	2.20942e-02	0.70000e+00	!Y263
1	5	4	-1.76358e+00	2.24032e-02	0.70000e+00	!Y264
1	5	5	-2.40029e+00	2.22192e-02	0.70000e+00	!Y265
1	5	6	-2.28475e+00	2.23405e-02	0.70000e+00	!Y266
1	5	7	-1.79572e+00	2.21197e-02	0.70000e+00	!Y267
1	5	8	-2.06622e+00	2.20505e-02	0.70000e+00	!Y268
1	5	9	-1.77672e+00	2.22079e-02	0.70000e+00	!Y269
1	5	10	-2.16588e+00	2.21473e-02	0.70000e+00	!Y2610
1	5	11	-2.31468e+00	2.20946e-02	0.70000e+00	!Y2611
1	5	12	-2.38055e+00	2.21805e-02	0.70000e+00	!Y2612
1	5	13	-1.99130e+00	2.21103e-02	0.70000e+00	!Y2613
1	5	14	-1.88030e+00	2.19980e-02	0.70000e+00	!Y2614
1	5	15	-2.16142e+00	2.23320e-02	0.70000e+00	!Y2615
1	5	16	-1.77452e+00	2.19036e-02	0.70000e+00	!Y2616
2	0	0	3.48000e01	0.10000e00	0.00000e+00	!tF3l
2	1	0	4.01200e01	0.10000e00	0.00000e+00	!tF3r
3	0	0	0.00000e00	0.10000e00	0.00000e+00	!tF4r
3	1	0	2.60000e00	0.10000e00	0.00000e+00	!tF4l
