0.000000	1.000000
0.100000	0.980067
0.200000	0.921061
0.300000	0.825336
0.400000	0.696707
0.500000	0.540302
0.600000	0.362358
0.700000	0.169967
0.800000	-0.029200
0.900000	-0.227202
1.000000	-0.416147
1.100000	-0.588501
1.200000	-0.737394
1.300000	-0.856889
1.400000	-0.942222
1.500000	-0.989992
1.600000	-0.998295
1.700000	-0.966798
1.800000	-0.896758
1.900000	-0.790968
2.000000	-0.653644
2.100000	-0.490261
2.200000	-0.307333
2.300000	-0.112153
2.400000	0.087499
2.500000	0.283662
2.600000	0.468516
2.700000	0.634693
2.800000	0.775566
2.900000	0.885520
3.000000	0.960170
3.100000	0.996542
3.200000	0.993185
3.300000	0.950233
3.400000	0.869397
3.500000	0.753902
3.600000	0.608351
3.700000	0.438547
3.800000	0.251260
3.900000	0.053955
4.000000	-0.145500
4.100000	-0.339155
4.200000	-0.519288
4.300000	-0.678720
4.400000	-0.811093
4.500000	-0.911130
4.600000	-0.974844
4.700000	-0.999693
4.800000	-0.984688
4.900000	-0.930426
5.000000	-0.839072
5.100000	-0.714266
5.200000	-0.560985
5.300000	-0.385338
5.400000	-0.194330
5.500000	0.004426
5.600000	0.203005
5.700000	0.393491
5.800000	0.568290
5.900000	0.720433
6.000000	0.843854
6.100000	0.933634
6.200000	0.986192
6.300000	0.999435
6.400000	0.972833
6.500000	0.907447
6.600000	0.805884
6.700000	0.672193
6.800000	0.511704
6.900000	0.330815
7.000000	0.136737
7.100000	-0.062792
7.200000	-0.259817
7.300000	-0.446485
7.400000	-0.615353
7.500000	-0.759688
7.600000	-0.873737
7.700000	-0.952953
7.800000	-0.994178
7.900000	-0.995768
8.000000	-0.957659
8.100000	-0.881372
8.200000	-0.769948
8.300000	-0.627828
8.400000	-0.460679
8.500000	-0.275163
8.600000	-0.078677
8.700000	0.120943
8.800000	0.315744
8.900000	0.497956
9.000000	0.660317
9.100000	0.796353
9.200000	0.900640
9.300000	0.969022
9.400000	0.998772
9.500000	0.988705
9.600000	0.939220
9.700000	0.852293
9.800000	0.731386
9.900000	0.581322
10.000000	0.408082
10.100000	0.218573
10.200000	0.020351
10.300000	-0.178683
10.400000	-0.370593
10.500000	-0.547729
10.600000	-0.703030
10.700000	-0.830301
10.800000	-0.924472
10.900000	-0.981787
11.000000	-0.999961
11.100000	-0.978270
11.200000	-0.917578
11.300000	-0.820305
11.400000	-0.690330
11.500000	-0.532833
11.600000	-0.354093
11.700000	-0.161238
11.800000	0.038046
11.900000	0.235812
12.000000	0.424179
12.100000	0.595635
12.200000	0.743343
12.300000	0.861418
12.400000	0.945150
12.500000	0.991203
12.600000	0.997739
12.700000	0.964499
12.800000	0.892806
12.900000	0.785521
13.000000	0.646919
13.100000	0.482526
13.200000	0.298898
13.300000	0.103352
13.400000	-0.096312
13.500000	-0.292139
13.600000	-0.476319
13.700000	-0.641508
13.800000	-0.781123
13.900000	-0.889597
14.000000	-0.962606
14.100000	-0.997239
14.200000	-0.992114
14.300000	-0.947438
14.400000	-0.864990
14.500000	-0.748058
14.600000	-0.601302
14.700000	-0.430576
14.800000	-0.242682
14.900000	-0.045116
15.000000	0.154251
15.100000	0.347469
15.200000	0.526832
15.300000	0.685194
15.400000	0.816238
15.500000	0.914742
15.600000	0.976778
15.700000	0.999873
15.800000	0.983106
15.900000	0.927146
16.000000	0.834223
16.100000	0.708042
16.200001	0.553634
16.299999	0.377157
16.400000	0.185640
16.500000	-0.013277
16.600000	-0.211665
16.700001	-0.401614
16.799999	-0.575549
16.900000	-0.726542
17.000000	-0.848570
17.100000	-0.936768
17.200001	-0.987620
17.299999	-0.999098
17.400000	-0.970746
17.500000	-0.903692
17.600000	-0.800611
17.700001	-0.665612
17.799999	-0.504081
17.900000	-0.322450
18.000000	-0.127964
18.100000	0.071624
18.200001	0.268356
18.299999	0.454386
18.400000	0.622305
18.500000	0.765414
18.600000	0.878008
18.700001	0.955599
18.799999	0.995092
18.900000	0.994915
19.000000	0.955074
19.100000	0.877156
19.200001	0.764269
19.299999	0.620915
19.400000	0.452805
19.500000	0.266643
19.600000	0.069850
19.700001	-0.129727
19.799999	-0.324128
19.900000	-0.505612
20.000000	-0.666938
20.100000	-0.801675
20.200001	-0.904452
20.299999	-0.971170
20.400000	-0.999172
20.500000	-0.987339
20.600000	-0.936144
20.700001	-0.847628
20.799999	-0.725322
20.900000	-0.574098
21.000000	-0.399985
21.100000	-0.209927
21.200001	-0.011499
21.299999	0.187383
21.400000	0.378799
21.500000	0.555113
21.600000	0.709297
21.700001	0.835202
21.799999	0.927810
21.900000	0.983430
22.000000	0.999843
22.100000	0.976396
22.200001	0.914023
22.299999	0.815212
22.400000	0.683900
22.500000	0.525322
22.600000	0.345801
22.700001	0.152495
22.799999	-0.046888
22.900000	-0.244405
23.000000	-0.432178
23.100000	-0.602721
23.200001	-0.749236
23.299999	-0.865879
23.400000	-0.948004
23.500000	-0.992335
23.600000	-0.997105
23.700001	-0.962123
23.799999	-0.888785
23.900000	-0.780013
24.000000	-0.640144
24.100000	-0.474755
24.200001	-0.290438
24.299999	-0.094546
24.400000	0.105119
24.500000	0.300593
24.600000	0.484083
24.700001	0.648274
24.799999	0.786618
24.900000	0.893605
25.000000	0.964966
25.100000	0.997857
25.200001	0.990966
25.299999	0.944569
25.400000	0.860515
25.500000	0.742154
25.600000	0.594206
25.700001	0.422568
25.799999	0.234088
25.900000	0.036272
26.000000	-0.162991
26.100000	-0.355755
26.200001	-0.534337
26.299999	-0.691613
26.400000	-0.821320
26.500000	-0.918283
26.600000	-0.978637
26.700001	-0.999975
26.799999	-0.981448
26.900000	-0.923793
27.000000	-0.829310
27.100000	-0.701764
27.200001	-0.546241
27.299999	-0.368944
27.400000	-0.176936
27.500000	0.022127
27.600000	0.220307
27.700001	0.409704
27.799999	0.582765
27.900000	0.732596
28.000000	0.853220
28.100000	0.939829
28.200001	0.988970
28.299999	0.998683
28.400000	0.968582
28.500000	0.899867
28.600000	0.795276
28.700001	0.658981
28.799999	0.496416
28.900000	0.314059
29.000000	0.119180
29.100000	-0.080450
29.200001	-0.276872
29.299999	-0.462253
29.400000	-0.629209
29.500000	-0.771080
29.600000	-0.882211
29.700001	-0.958170
29.799999	-0.995929
29.900000	-0.993985
30.000000	-0.952413
30.100000	-0.872871
30.200001	-0.758531
30.299999	-0.613953
30.400000	-0.444895
30.500000	-0.258102
30.600000	-0.061018
30.700001	0.138498
30.799999	0.332489
30.900000	0.513229
31.000000	0.673507
31.100000	0.806935
31.200001	0.908192
31.299999	0.973242
31.400000	0.999493
31.500000	0.985897
31.600000	0.932996
31.700001	0.842899
31.799999	0.719200
31.900000	0.566828
32.000000	0.391857
32.099998	0.201268
32.200001	0.002648
32.299999	-0.196071
32.400002	-0.386980
32.500000	-0.562454
32.599998	-0.715506
32.700001	-0.840037
32.799999	-0.931075
32.900002	-0.984996
33.000000	-0.999647
33.099998	-0.974447
33.200001	-0.910396
33.299999	-0.810054
33.400002	-0.677412
33.500000	-0.517770
33.599998	-0.337486
33.700001	-0.143741
33.799999	0.055728
33.900002	0.252982
34.000000	0.440143
34.099998	0.609758
34.200001	0.755069
34.299999	0.870273
34.400002	0.950785
34.500000	0.993390
34.599998	0.996393
34.700001	0.959672
34.799999	0.884694
34.900002	0.774441
35.000000	0.633319
35.099998	0.466949
35.200001	0.281957
35.299999	0.085731
35.400002	-0.113920
35.500000	-0.309023
35.599998	-0.491806
35.700001	-0.654988
35.799999	-0.792052
35.900002	-0.897544
36.000000	-0.967251
36.099998	-0.998397
36.200001	-0.989740
36.299999	-0.941626
36.400002	-0.855970
36.500000	-0.736193
36.599998	-0.587067
36.700001	-0.414530
36.799999	-0.225473
36.900002	-0.027421
37.000000	0.171717
37.099998	0.364010
37.200001	0.541797
37.299999	0.697979
37.400002	0.826339
37.500000	0.921751
37.599998	0.980417
37.700001	0.999998
37.799999	0.979712
37.900002	0.920367
38.000000	0.824331
38.099998	0.695434
38.200001	0.538805
38.299999	0.360703
38.400002	0.168213
38.500000	-0.030975
38.599998	-0.228929
38.700001	-0.417763
38.799999	-0.589935
38.900002	-0.738594
39.000000	-0.857803
39.099998	-0.942815
39.200001	-0.990242
39.299999	-0.998190
39.400002	-0.966342
39.500000	-0.895971
39.599998	-0.789881
39.700001	-0.652297
39.799999	-0.488713
39.900002	-0.305639
40.000000	-0.110387
40.099998	0.089265
40.200001	0.285367
40.299999	0.470084
40.400002	0.636067
40.500000	0.776686
40.599998	0.886342
40.700001	0.960666
40.799999	0.996688
40.900002	0.992976
41.000000	0.949678
41.099998	0.868520
41.200001	0.752733
41.299999	0.606942
41.400002	0.436947
41.500000	0.249540
41.599998	0.052185
41.700001	-0.147259
41.799999	-0.340824
41.900002	-0.520808
42.000000	-0.680023
42.099998	-0.812129
42.200001	-0.911861
42.299999	-0.975238
42.400002	-0.999736
42.500000	-0.984377
42.599998	-0.929775
42.700001	-0.838103
42.799999	-0.713022
42.900002	-0.559510
43.000000	-0.383698
43.099998	-0.192590
43.200001	0.006204
43.299999	0.204742
43.400002	0.395126
43.500000	0.569750
43.599998	0.721661
43.700001	0.844807
43.799999	0.934268
43.900002	0.986485
44.000000	0.999373
44.099998	0.972421
44.200001	0.906698
44.299999	0.804832
44.400002	0.670875
44.500000	0.510177
44.599998	0.329141
44.700001	0.134976
44.799999	-0.064563
44.900002	-0.261535
45.000000	-0.448074
45.099998	-0.616749
45.200001	-0.760843
45.299999	-0.874599
45.400002	-0.953491
45.500000	-0.994367
45.599998	-0.995603
45.700001	-0.957146
45.799999	-0.880533
45.900002	-0.768811
46.000000	-0.626444
46.099998	-0.459104
46.200001	-0.273454
46.299999	-0.076909
46.400002	0.122710
46.500000	0.317429
46.599998	0.499493
46.700001	0.661651
46.799999	0.797425
46.900002	0.901412
47.000000	0.969459
47.099998	0.998859
47.200001	0.988437
47.299999	0.938610
47.400002	0.851360
47.500000	0.730174
47.599998	0.579878
47.700001	0.406458
47.799999	0.216841
47.900002	0.018572
48.000000	-0.180430
48.099998	-0.372240
48.200001	-0.549216
48.299999	-0.704290
48.400002	-0.831291
48.500000	-0.925148
48.599998	-0.982122
48.700001	-0.999943
48.799999	-0.977900
48.900002	-0.916869
49.000000	-0.819288
49.099998	-0.689046
49.200001	-0.531328
49.299999	-0.352433
49.400002	-0.159482
49.500000	0.039821
49.599998	0.237536
49.700001	0.425788
49.799999	0.597059
49.900002	0.744533
50.000000	0.862319
50.099998	0.945728
50.200001	0.991437
50.299999	0.997618
50.400002	0.964027
50.500000	0.892005
50.599998	0.784422
50.700001	0.645563
50.799999	0.480972
50.900002	0.297199
51.000000	0.101586
51.099998	-0.098078
51.200001	-0.293839
51.299999	-0.477878
51.400002	-0.642872
51.500000	-0.782231
51.599998	-0.890406
51.700001	-0.963086
51.799999	-0.997369
51.900002	-0.991890
52.000000	-0.946868
52.099998	-0.864099
52.200001	-0.746877
52.299999	-0.599883
52.400002	-0.428969
52.500000	-0.240959
52.599998	-0.043343
52.700001	0.156008
52.799999	0.349132
52.900002	0.528344
53.000000	0.686487
53.099998	0.817262
53.200001	0.915459
53.299999	0.977157
53.400002	0.999900
53.500000	0.982780
53.599998	0.926480
53.700001	0.833242
53.799999	0.706788
53.900002	0.552152
54.000000	0.375510
54.099998	0.183897
54.200001	-0.015054
54.299999	-0.213398
54.400002	-0.403242
54.500000	-0.577002
54.599998	-0.727760
54.700001	-0.849510
54.799999	-0.937387
54.900002	-0.987897
55.000000	-0.999021
55.099998	-0.970318
55.200001	-0.902930
55.299999	-0.799547
55.400002	-0.664284
55.500000	-0.502544
55.599998	-0.320770
55.700001	-0.126200
55.799999	0.073393
55.900002	0.270068
56.000000	0.455969
56.099998	0.623693
56.200001	0.766557
56.299999	0.878856
56.400002	0.956121
56.500000	0.995267
56.599998	0.994735
56.700001	0.954545
56.799999	0.876303
56.900002	0.763121
57.000000	0.619521
57.099998	0.451223
57.200001	0.264929
57.299999	0.068081
57.400002	-0.131489
57.500000	-0.325810
57.599998	-0.507142
57.700001	-0.668262
57.799999	-0.802734
57.900002	-0.905209
58.000000	-0.971592
58.099998	-0.999242
58.200001	-0.987056
58.299999	-0.935519
58.400002	-0.846684
58.500000	-0.724097
58.599998	-0.572644
58.700001	-0.398355
58.799999	-0.208192
58.900002	-0.009721
59.000000	0.189129
59.099998	0.380440
59.200001	0.556591
59.299999	0.710546
59.400002	0.836179
59.500000	0.928471
59.599998	0.983750
59.700001	0.999810
59.799999	0.976011
59.900002	0.913300
60.000000	0.814181
60.099998	0.682604
60.200001	0.523808
60.299999	0.344136
60.400002	0.150737
60.500000	-0.048664
60.599998	-0.246125
60.700001	-0.433780
60.799999	-0.604136
60.900002	-0.750412
61.000000	-0.866767
61.099998	-0.948568
61.200001	-0.992554
61.299999	-0.996969
61.400002	-0.961637
61.500000	-0.887969
61.599998	-0.778902
61.700001	-0.638777
61.799999	-0.473193
61.900002	-0.288736
62.000000	-0.092776
62.099998	0.106883
62.200001	0.302288
62.299999	0.485634
62.400002	0.649627
62.500000	0.787715
62.599998	0.894400
62.700001	0.965431
62.799999	0.997971
62.900002	0.990726
63.000000	0.943984
63.099998	0.859610
63.200001	0.740961
63.299999	0.592778
63.400002	0.420956
63.500000	0.232359
63.599998	0.034499
63.700001	-0.164745
63.799999	-0.357413
63.900002	-0.535839
64.000000	-0.692896
64.099998	-0.822330
64.199997	-0.918982
64.300003	-0.979001
64.400002	-0.999986
64.500000	-0.981106
64.599998	-0.923113
64.699997	-0.828319
64.800003	-0.700494
64.900002	-0.544751
65.000000	-0.367291
65.099998	-0.175189
65.199997	0.023896
65.300003	0.222045
65.400002	0.411326
65.500000	0.584209
65.599998	0.733802
65.699997	0.854142
65.800003	0.940436
65.900002	0.989231
66.000000	0.998590
66.099998	0.968139
66.199997	0.899093
66.300003	0.794195
66.400002	0.657642
66.500000	0.494872
66.599998	0.312374
66.699997	0.117422
66.800003	-0.082225
66.900002	-0.278580
67.000000	-0.463829
67.099998	-0.630587
67.199997	-0.772206
67.300003	-0.883048
67.400002	-0.958677
67.500000	-0.996088
67.599998	-0.993789
67.699997	-0.951872
67.800003	-0.872001
67.900002	-0.757371
68.000000	-0.612548
68.099998	-0.443306
68.199997	-0.256391
68.300003	-0.059240
68.400002	0.140259
68.500000	0.334165
68.599998	0.514750
68.699997	0.674815
68.800003	0.807986
68.900002	0.908935
69.000000	0.973649
69.099998	0.999548
69.199997	0.985599
69.300003	0.932353
69.400002	0.841941
69.500000	0.717964
69.599998	0.565365
69.699997	0.390228
69.800003	0.199519
69.900002	0.000870
70.000000	-0.197814
70.099998	-0.388611
70.199997	-0.563917
70.300003	-0.716752
70.400002	-0.841001
70.500000	-0.931722
70.599998	-0.985300
70.699997	-0.999599
70.800003	-0.974044
70.900002	-0.909659
71.000000	-0.809010
71.099998	-0.676109
71.199997	-0.516255
71.300003	-0.335805
71.400002	-0.141981
71.500000	0.057503
71.599998	0.254694
71.699997	0.441732
71.800003	0.611172
71.900002	0.756234
72.000000	0.871147
72.099998	0.951332
72.199997	0.993592
72.300003	0.996240
72.400002	0.959171
72.500000	0.883863
72.599998	0.773320
72.699997	0.631948
72.800003	0.465370
72.900002	0.280251
73.000000	0.083959
73.099998	-0.115679
73.199997	-0.310706
73.300003	-0.493359
73.400002	-0.656330
73.500000	-0.793136
73.599998	-0.898324
73.699997	-0.967698
73.800003	-0.998496
73.900002	-0.989484
74.000000	-0.941026
74.099998	-0.855054
74.199997	-0.734994
74.300003	-0.585620
74.400002	-0.412911
74.500000	-0.223741
74.599998	-0.025651
74.699997	0.173461
74.800003	0.365672
74.900002	0.543291
75.000000	0.699251
75.099998	0.827335
75.199997	0.922436
75.300003	0.980767
75.400002	0.999994
75.500000	0.979355
75.599998	0.919673
75.699997	0.823328
75.800003	0.694149
75.900002	0.537307
76.000000	0.359044
76.099998	0.166468
76.199997	-0.032744
76.300003	-0.230666
76.400002	-0.419377
76.500000	-0.591370
76.599998	-0.739787
76.699997	-0.858712
76.800003	-0.943408
76.900002	-0.990488
77.000000	-0.998081
77.099998	-0.965885
77.199997	-0.895183
77.300003	-0.788785
77.400002	-0.650949
77.500000	-0.487161
77.599998	-0.303953
77.699997	-0.108628
77.800003	0.091044
77.900002	0.287070
78.000000	0.471652
78.099998	0.637432
78.199997	0.777800
78.300003	0.887167
78.400002	0.961158
78.500000	0.996831
78.599998	0.992765
78.699997	0.949122
78.800003	0.867634
78.900002	0.751561
79.000000	0.605528
79.099998	0.435355
79.199997	0.247826
79.300003	0.050402
79.400002	-0.149017
79.500000	-0.342495
79.599998	-0.522319
79.699997	-0.681320
79.800003	-0.813169
79.900002	-0.912590
80.000000	-0.975629
80.099998	-0.999775
80.199997	-0.984063
80.300003	-0.929116
80.400002	-0.837132
80.500000	-0.711775
80.599998	-0.558042
80.699997	-0.382063
80.800003	-0.190838
80.900002	0.007981
81.000000	0.206482
81.099998	0.396752
81.199997	0.571204
81.300003	0.722896
81.400002	0.845757
81.500000	0.934900
81.599998	0.986774
81.699997	0.999309
81.800003	0.972003
81.900002	0.905947
82.000000	0.803775
82.099998	0.669561
82.199997	0.508654
82.300003	0.327454
82.400002	0.133214
82.500000	-0.066337
82.599998	-0.263243
82.699997	-0.449655
82.800003	-0.618154
82.900002	-0.761995
83.000000	-0.875459
83.099998	-0.954023
83.199997	-0.994554
83.300003	-0.995434
83.400002	-0.956630
83.500000	-0.879689
83.599998	-0.767678
83.699997	-0.625064
83.800003	-0.457517
83.900002	-0.271743
84.000000	-0.075136
84.099998	0.124466
84.199997	0.319107
84.300003	0.501039
84.400002	0.662983
84.500000	0.798496
84.599998	0.902177
84.699997	0.969892
84.800003	0.998942
84.900002	0.988165
85.000000	0.937995
85.099998	0.850430
85.199997	0.728963
85.300003	0.578422
85.400002	0.404833
85.500000	0.215105
85.599998	0.016802
85.699997	-0.182171
85.800003	-0.373896
85.900002	-0.550701
86.000000	-0.705551
86.099998	-0.832274
86.199997	-0.925818
86.300003	-0.982457
86.400002	-0.999923
86.500000	-0.977527
86.599998	-0.916161
86.699997	-0.818272
86.800003	-0.687751
86.900002	-0.529821
87.000000	-0.350769
87.099998	-0.157734
87.199997	0.041590
87.300003	0.239270
87.400002	0.427396
87.500000	0.598484
87.599998	0.745713
87.699997	0.863214
87.800003	0.946307
87.900002	0.991667
88.000000	0.997494
88.099998	0.963555
88.199997	0.891203
88.300003	0.783314
88.400002	0.644204
88.500000	0.479412
88.599998	0.295509
88.699997	0.099824
88.800003	-0.099854
88.900002	-0.295538
89.000000	-0.479439
89.099998	-0.644227
89.199997	-0.783332
89.300003	-0.891217
89.400002	-0.963563
89.500000	-0.997496
89.599998	-0.991663
89.699997	-0.946297
89.800003	-0.863199
89.900002	-0.745693
90.000000	-0.598460
90.099998	-0.427369
90.199997	-0.239241
90.300003	-0.041560
90.400002	0.157764
90.500000	0.350797
90.599998	0.529846
90.699997	0.687773
90.800003	0.818289
90.900002	0.916173
91.000000	0.977533
91.099998	0.999923
91.199997	0.982451
91.300003	0.925807
91.400002	0.832257
91.500000	0.705530
91.599998	0.550676
91.699997	0.373868
91.800003	0.182142
91.900002	-0.016832
92.000000	-0.215135
92.099998	-0.404861
92.199997	-0.578447
92.300003	-0.728984
92.400002	-0.850446
92.500000	-0.938005
92.599998	-0.988170
92.699997	-0.998941
92.800003	-0.969885
92.900002	-0.902164
93.000000	-0.798478
93.099998	-0.662960
93.199997	-0.501013
93.300003	-0.319078
93.400002	-0.124436
93.500000	0.075166
93.599998	0.271772
93.699997	0.457544
93.800003	0.625087
93.900002	0.767697
94.000000	0.879703
94.099998	0.956639
94.199997	0.995437
94.300003	0.994550
94.400002	0.954014
94.500000	0.875445
94.599998	0.761976
94.699997	0.618130
94.800003	0.449629
94.900002	0.263214
95.000000	0.066307
95.099998	-0.133244
95.199997	-0.327483
95.300003	-0.508680
95.400002	-0.669583
95.500000	-0.803793
95.599998	-0.905960
95.699997	-0.972010
95.800003	-0.999310
95.900002	-0.986769
96.000000	-0.934890
96.099998	-0.845740
96.199997	-0.722875
96.300003	-0.571180
96.400002	-0.396724
96.500000	-0.206453
96.599998	-0.007951
96.699997	0.190867
96.800003	0.382091
96.900002	0.558067
97.000000	0.711796
97.099998	0.837148
97.199997	0.929127
97.300003	0.984069
97.400002	0.999774
97.500000	0.975623
97.599998	0.912578
97.699997	0.813152
97.800003	0.681298
97.900002	0.522293
98.000000	0.342466
98.099998	0.148987
98.199997	-0.050432
98.300003	-0.247855
98.400002	-0.435382
98.500000	-0.605552
98.599998	-0.751581
98.699997	-0.867649
98.800003	-0.949131
98.900002	-0.992769
99.000000	-0.996829
99.099998	-0.961149
99.199997	-0.887153
99.300003	-0.777781
99.400002	-0.637409
99.500000	-0.471626
99.599998	-0.287041
99.699997	-0.091013
99.800003	0.108658
99.900002	0.303982
100.000000	0.487188
100.099998	0.650971
100.199997	0.788804
100.300003	0.895197
100.400002	0.965893
100.500000	0.998083
100.599998	0.990484
100.699997	0.943399
100.800003	0.858696
100.900002	0.739766
101.000000	0.591345
101.099998	0.419350
101.199997	0.230637
101.300003	0.032714
101.400002	-0.166498
101.500000	-0.359072
101.599998	-0.537332
101.699997	-0.694171
101.800003	-0.823345
101.900002	-0.919685
102.000000	-0.979361
102.099998	-0.999994
102.199997	-0.980761
102.300003	-0.922425
102.400002	-0.827318
102.500000	-0.699229
102.599998	-0.543266
102.699997	-0.365644
102.800003	-0.173431
102.900002	0.025681
103.000000	0.223770
103.099998	0.412939
103.199997	0.585645
103.300003	0.735014
103.400002	0.855069
103.500000	0.941037
103.599998	0.989489
103.699997	0.998495
103.800003	0.967691
103.900002	0.898310
104.000000	0.793118
104.099998	0.656308
104.199997	0.493333
104.300003	0.310677
104.400002	0.115649
104.500000	-0.083989
104.599998	-0.280280
104.699997	-0.465396
104.800003	-0.631972
104.900002	-0.773339
105.000000	-0.883877
105.099998	-0.959179
105.199997	-0.996243
105.300003	-0.993589
105.400002	-0.951323
105.500000	-0.871133
105.599998	-0.756214
105.699997	-0.611148
105.800003	-0.441705
105.900002	-0.254665
106.000000	-0.057472
106.099998	0.142011
106.199997	0.335833
106.300003	0.516280
106.400002	0.676131
106.500000	0.809028
106.599998	0.909672
106.699997	0.974051
106.800003	0.999600
106.900002	0.985295
107.000000	0.931711
107.099998	0.840984
107.199997	0.716731
107.300003	0.563892
107.400002	0.388583
107.500000	0.197784
107.599998	-0.000900
107.699997	-0.199548
107.800003	-0.390256
107.900002	-0.565390
108.000000	-0.717985
108.099998	-0.841957
108.199997	-0.932364
108.300003	-0.985604
108.400002	-0.999547
108.500000	-0.973642
108.599998	-0.908922
108.699997	-0.807968
108.800003	-0.674792
108.900002	-0.514725
109.000000	-0.334137
109.099998	-0.140229
109.199997	0.059270
109.300003	0.256420
109.400002	0.443333
109.500000	0.612572
109.599998	0.757391
109.699997	0.872015
109.800003	0.951881
109.900002	0.993792
110.000000	0.996085
110.099998	0.958669
110.199997	0.883034
110.300003	0.772187
110.400002	0.630563
110.500000	0.463802
110.599998	0.278551
110.699997	0.082195
110.800003	-0.117452
110.900002	-0.312402
111.000000	-0.494898
111.099998	-0.657665
111.199997	-0.794213
111.300003	-0.899107
111.400002	-0.968147
111.500000	-0.998592
111.599998	-0.989227
111.699997	-0.940426
111.800003	-0.854126
111.900002	-0.733782
112.000000	-0.584184
112.099998	-0.411298
112.199997	-0.222015
112.300003	-0.023866
112.400002	0.175219
112.500000	0.367319
112.599998	0.544776
112.699997	0.700515
112.800003	0.828336
112.900002	0.923124
113.000000	0.981111
113.099998	0.999986
113.199997	0.978995
113.300003	0.918970
113.400002	0.822313
113.500000	0.692874
113.599998	0.535813
113.699997	0.357392
113.800003	0.164707
113.900002	-0.034529
114.000000	-0.232388
114.099998	-0.420984
114.199997	-0.592796
114.300003	-0.740987
114.400002	-0.859625
114.500000	-0.943994
114.599998	-0.990730
114.699997	-0.997970
114.800003	-0.965421
114.900002	-0.894386
115.000000	-0.787696
115.099998	-0.649604
115.199997	-0.485615
115.300003	-0.302252
115.400002	-0.106853
115.500000	0.092806
115.599998	0.288765
115.699997	0.473213
115.800003	0.638807
115.900002	0.778921
116.000000	0.887983
116.099998	0.961645
116.199997	0.996970
116.300003	0.992549
116.400002	0.948558
116.500000	0.866752
116.599998	0.750393
116.699997	0.604118
116.800003	0.433746
116.900002	0.246095
117.000000	0.048634
117.099998	-0.150767
117.199997	-0.344157
117.300003	-0.523841
117.400002	-0.682626
117.500000	-0.814198
117.599998	-0.913312
117.699997	-0.976016
117.800003	-0.999811
117.900002	-0.983744
118.000000	-0.928460
118.099998	-0.836162
118.199997	-0.710530
118.300003	-0.556560
118.400002	-0.380413
118.500000	-0.189100
118.599998	0.009751
118.699997	0.208214
118.800003	0.398390
118.900002	0.572669
119.000000	0.724118
119.099998	0.846700
119.199997	0.935527
119.300003	0.987062
119.400002	0.999241
119.500000	0.971585
119.599998	0.905196
119.699997	0.802721
119.800003	0.668234
119.900002	0.507116
120.000000	0.325781
120.099998	0.131459
120.199997	-0.068103
120.300003	-0.264965
120.400002	-0.451250
120.500000	-0.619544
120.599998	-0.763140
120.699997	-0.876314
120.800003	-0.954557
120.900002	-0.994738
121.000000	-0.995264
121.099998	-0.956113
121.199997	-0.878845
121.300003	-0.766533
121.400002	-0.623669
121.500000	-0.455942
121.599998	-0.270039
121.699997	-0.073371
121.800003	0.126238
121.900002	0.320798
122.000000	0.502570
122.099998	0.664307
122.199997	0.799561
122.300003	0.902946
122.400002	0.970325
122.500000	0.999022
122.599998	0.987892
122.699997	0.937380
122.800003	0.849490
122.900002	0.727740
123.000000	0.576978
123.099998	0.403214
123.199997	0.213376
123.300003	0.015017
123.400002	-0.183927
123.500000	-0.375538
123.599998	-0.552177
123.699997	-0.706804
123.800003	-0.833263
123.900002	-0.926491
124.000000	-0.982785
124.099998	-0.999900
124.199997	-0.977152
124.300003	-0.915444
124.400002	-0.817244
124.500000	-0.686465
124.599998	-0.528319
124.699997	-0.349111
124.800003	-0.155970
124.900002	0.043373
125.000000	0.240988
125.099998	0.428996
125.199997	0.599901
125.300003	0.746902
125.400002	0.864114
125.500000	0.946878
125.599998	0.991894
125.699997	0.997367
125.800003	0.963076
125.900002	0.890392
126.000000	0.782212
126.099998	0.642849
126.199997	0.477858
126.300003	0.293803
126.400002	0.098048
126.500000	-0.101616
126.599998	-0.297228
126.699997	-0.480992
126.800003	-0.645591
126.900002	-0.784441
127.000000	-0.892018
127.099998	-0.964035
127.199997	-0.997620
127.300003	-0.991432
127.400002	-0.945718
127.500000	-0.862304
127.599998	-0.744512
127.699997	-0.597041
127.800003	-0.425754
127.900002	-0.237507
128.000000	-0.039791
128.100006	0.159526
128.199997	0.352455
128.300003	0.531360
128.399994	0.689057
128.500000	0.819306
128.600006	0.916887
128.699997	0.977905
128.800003	0.999944
128.899994	0.982119
129.000000	0.925136
129.100006	0.831266
129.199997	0.704274
129.300003	0.549184
129.399994	0.372226
129.500000	0.180401
129.600006	-0.018617
129.699997	-0.216863
129.800003	-0.406493
129.899994	-0.579890
130.000000	-0.730194
130.100006	-0.851384
130.199997	-0.938617
130.300003	-0.988442
130.399994	-0.998858
130.500000	-0.969452
130.600006	-0.901392
130.699997	-0.797411
130.800003	-0.661622
130.899994	-0.499480
131.000000	-0.317400
131.100006	-0.122665
131.199997	0.076931
131.300003	0.273490
131.399994	0.459117
131.500000	0.626468
131.600006	0.768840
131.699997	0.880543
131.800003	0.957157
131.899994	0.995604
132.000000	0.994364
132.100006	0.953477
132.199997	0.874588
132.300003	0.760818
132.399994	0.616738
132.500000	0.448047
132.600006	0.261491
132.699997	0.064540
132.800003	-0.135013
132.899994	-0.329155
133.000000	-0.510203
133.100006	-0.670908
133.199997	-0.804845
133.300003	-0.906714
133.399994	-0.972424
133.500000	-0.999374
133.600006	-0.986478
133.699997	-0.934260
133.800003	-0.844786
133.899994	-0.721651
134.000000	-0.569726
134.100006	-0.395084
134.199997	-0.204720
134.300003	-0.006166
134.399994	0.192605
134.500000	0.383726
134.600006	0.559548
134.699997	0.713038
134.800003	0.838124
134.899994	0.929780
135.000000	0.984382
135.100006	0.999735
135.199997	0.975233
135.300003	0.911846
135.399994	0.812120
135.500000	0.680001
135.600006	0.520770
135.699997	0.340803
135.800003	0.147221
135.899994	-0.052200
136.000000	-0.249569
136.100006	-0.436988
136.199997	-0.606960
136.300003	-0.752758
136.399994	-0.868527
136.500000	-0.949687
136.600006	-0.992981
136.699997	-0.996686
136.800003	-0.960655
136.899994	-0.886335
137.000000	-0.776667
137.100006	-0.636032
137.199997	-0.470064
137.300003	-0.285330
137.399994	-0.089250
137.500000	0.110417
137.600006	0.305682
137.699997	0.488733
137.800003	0.652326
137.899994	0.789891
138.000000	0.895984
138.100006	0.966354
138.199997	0.998191
138.300003	0.990237
138.399994	0.942810
138.500000	0.857788
138.600006	0.738564
138.699997	0.589917
138.800003	0.417728
138.899994	0.228914
139.000000	0.030945
139.100006	-0.168258
139.199997	-0.360724
139.300003	-0.538837
139.399994	-0.695444
139.500000	-0.824348
139.600006	-0.920384
139.699997	-0.979717
139.800003	-0.999999
139.899994	-0.980414
140.000000	-0.921740
140.100006	-0.826313
140.199997	-0.697963
140.300003	-0.541766
140.399994	-0.363996
140.500000	-0.171688
140.600006	0.027466
140.699997	0.225495
140.800003	0.414564
140.899994	0.587079
141.000000	0.736213
141.100006	0.855994
141.199997	0.941634
141.300003	0.989745
141.399994	0.998396
141.500000	0.967243
141.600006	0.897524
141.699997	0.792039
141.800003	0.654959
141.899994	0.491793
142.000000	0.308994
142.100006	0.113875
142.199997	-0.085753
142.300003	-0.281993
142.399994	-0.466963
142.500000	-0.633343
142.600006	-0.774470
142.699997	-0.884704
142.800003	-0.959683
142.899994	-0.996394
143.000000	-0.993387
143.100006	-0.950771
143.199997	-0.870262
143.300003	-0.755044
143.399994	-0.609746
143.500000	-0.440116
143.600006	-0.252938
143.699997	-0.055705
143.800003	0.143778
143.899994	0.337500
144.000000	0.517796
144.100006	0.677446
144.199997	0.810067
144.300003	0.910412
144.399994	0.974450
144.500000	0.999648
144.600006	0.984989
144.699997	0.931067
144.800003	0.840017
144.899994	0.715495
145.000000	0.562429
145.100006	0.386938
145.199997	0.196048
145.300003	-0.002686
145.399994	-0.201283
145.500000	-0.391885
145.600006	-0.566862
145.699997	-0.719216
145.800003	-0.842919
145.899994	-0.933002
146.000000	-0.985902
146.100006	-0.999491
146.199997	-0.973237
146.300003	-0.908177
146.399994	-0.806924
146.500000	-0.673485
146.600006	-0.513193
146.699997	-0.332468
146.800003	-0.138461
146.899994	0.061037
147.000000	0.258131
147.100006	0.444933
147.199997	0.613970
147.300003	0.758555
147.399994	0.872880
147.500000	0.952422
147.600006	0.993989
147.699997	0.995927
147.800003	0.958159
147.899994	0.882202
148.000000	0.771061
148.100006	0.629177
148.199997	0.462233
148.300003	0.276836
148.399994	0.080431
148.500000	-0.119210
148.600006	-0.314098
148.699997	-0.496436
148.800003	-0.659009
148.899994	-0.795288
149.000000	-0.899880
149.100006	-0.968592
149.199997	-0.998684
149.300003	-0.988964
149.399994	-0.939823
149.500000	-0.853204
149.600006	-0.732567
149.699997	-0.582747
149.800003	-0.409670
149.899994	-0.220289
150.000000	-0.022097
150.100006	0.176977
150.199997	0.368965
150.300003	0.546273
150.399994	0.701777
150.500000	0.829327
150.600006	0.923809
150.699997	0.981452
150.800003	0.999975
150.899994	0.978633
151.000000	0.918271
151.100006	0.821296
151.199997	0.691597
151.300003	0.534305
151.399994	0.355738
151.500000	0.162961
151.600006	-0.036313
151.699997	-0.234110
151.800003	-0.422603
151.899994	-0.594221
152.000000	-0.742174
152.100006	-0.860536
152.199997	-0.944577
152.300003	-0.990971
152.399994	-0.997856
152.500000	-0.964958
152.600006	-0.893586
152.699997	-0.786604
152.800003	-0.648245
152.899994	-0.484066
153.000000	-0.300564
153.100006	-0.105077
153.199997	0.094569
153.300003	0.290474
153.399994	0.474771
153.500000	0.640167
153.600006	0.780039
153.699997	0.888795
153.800003	0.962133
153.899994	0.997106
154.000000	0.992332
154.100006	0.947991
154.199997	0.865868
154.300003	0.749211
154.399994	0.602707
154.500000	0.432151
154.600006	0.244364
154.699997	0.046865
154.800003	-0.152532
154.899994	-0.345819
155.000000	-0.525348
155.100006	-0.683930
155.199997	-0.815225
155.300003	-0.914038
155.399994	-0.976400
155.500000	-0.999844
155.600006	-0.983422
155.699997	-0.927801
155.800003	-0.835182
155.899994	-0.709283
156.000000	-0.555088
156.100006	-0.378761
156.199997	-0.187361
156.300003	0.011537
156.399994	0.209945
156.500000	0.400013
156.600006	0.574132
156.699997	0.725338
156.800003	0.847648
156.899994	0.936151
157.000000	0.987344
157.100006	0.999170
157.199997	0.971165
157.300003	0.904436
157.399994	0.801664
157.500000	0.666916
157.600006	0.505576
157.699997	0.324107
157.800003	0.129689
157.899994	-0.069869
158.000000	-0.266672
158.100006	-0.452842
158.199997	-0.620933
158.300003	-0.764293
158.399994	-0.877165
158.500000	-0.955083
158.600006	-0.994919
158.699997	-0.995090
158.800003	-0.955588
158.899994	-0.877999
159.000000	-0.765395
159.100006	-0.622272
159.199997	-0.454366
159.300003	-0.268320
159.399994	-0.071605
159.500000	0.127994
159.600006	0.322489
159.699997	0.504100
159.800003	0.665641
159.899994	0.800623
160.000000	0.903705
160.100006	0.970755
160.199997	0.999099
160.300003	0.987614
160.399994	0.936762
160.500000	0.848554
160.600006	0.726514
160.699997	0.575531
160.800003	0.401580
160.899994	0.211646
161.000000	0.013247
161.100006	-0.185681
161.199997	-0.377178
161.300003	-0.553665
161.399994	-0.708056
161.500000	-0.834240
161.600006	-0.927162
161.699997	-0.983111
161.800003	-0.999873
161.899994	-0.976774
162.000000	-0.914730
162.100006	-0.816214
162.199997	-0.685176
162.300003	-0.526802
162.399994	-0.347451
162.500000	-0.154222
162.600006	0.045157
162.699997	0.242706
162.800003	0.430608
162.899994	0.601317
163.000000	0.748078
163.100006	0.865011
163.199997	0.947446
163.300003	0.992119
163.399994	0.997237
163.500000	0.962598
163.600006	0.889578
163.699997	0.781108
163.800003	0.641480
163.899994	0.476302
164.000000	0.292110
164.100006	0.096271
164.199997	-0.103377
164.300003	-0.298932
164.399994	-0.482543
164.500000	-0.646942
164.600006	-0.785547
164.699997	-0.892817
164.800003	-0.964508
164.899994	-0.997740
165.000000	-0.991199
165.100006	-0.945137
165.199997	-0.861406
165.300003	-0.743319
165.399994	-0.595620
165.500000	-0.424152
165.600006	-0.235772
165.699997	-0.038022
165.800003	0.161274
165.899994	0.354111
166.000000	0.532859
166.100006	0.690361
166.199997	0.820319
166.300003	0.917592
166.399994	0.978273
166.500000	0.999961
166.600006	0.981779
166.699997	0.924463
166.800003	0.830281
166.899994	0.703016
167.000000	0.547704
167.100006	0.370554
167.199997	0.178659
167.300003	-0.020387
167.399994	-0.218591
167.500000	-0.408110
167.600006	-0.581356
167.699997	-0.731403
167.800003	-0.852311
167.899994	-0.939227
168.000000	-0.988709
168.100006	-0.998770
168.199997	-0.969016
168.300003	-0.900624
168.399994	-0.796342
168.500000	-0.660294
168.600006	-0.497919
168.699997	-0.315721
168.800003	-0.120908
168.899994	0.078696
169.000000	0.275192
169.100006	0.460716
169.199997	0.627847
169.300003	0.769971
169.399994	0.881381
169.500000	0.957668
169.600006	0.995772
169.699997	0.994175
169.800003	0.952942
169.899994	0.873728
170.000000	0.759668
170.100006	0.615319
170.199997	0.446463
170.300003	0.259782
170.399994	0.062774
170.500000	-0.136767
170.600006	-0.330855
170.699997	-0.511725
170.800003	-0.672220
170.899994	-0.805895
171.000000	-0.907459
171.100006	-0.972842
171.199997	-0.999435
171.300003	-0.986186
171.399994	-0.933627
171.500000	-0.843838
171.600006	-0.720403
171.699997	-0.568270
171.800003	-0.393458
171.899994	-0.202987
172.000000	-0.004396
172.100006	0.194371
172.199997	0.385360
172.300003	0.561014
172.399994	0.714278
172.500000	0.839088
172.600006	0.930442
172.699997	0.984692
172.800003	0.999692
172.899994	0.974840
173.000000	0.911118
173.100006	0.811068
173.199997	0.678702
173.300003	0.519258
173.399994	0.339138
173.500000	0.145470
173.600006	-0.053998
173.699997	-0.251283
173.800003	-0.438580
173.899994	-0.608366
174.000000	-0.753922
174.100006	-0.869418
174.199997	-0.950240
174.300003	-0.993189
174.399994	-0.996541
174.500000	-0.960162
174.600006	-0.885500
174.699997	-0.775551
174.800003	-0.634665
174.899994	-0.468501
175.000000	-0.283633
175.100006	-0.087457
175.199997	0.112176
175.300003	0.307367
175.399994	0.490276
175.500000	0.653666
175.600006	0.790994
175.699997	0.896769
175.800003	0.966807
175.899994	0.998296
176.000000	0.989988
176.100006	0.942208
176.199997	0.856876
176.300003	0.737369
176.399994	0.588487
176.500000	0.416119
176.600006	0.227161
176.699997	0.029175
176.800003	-0.170003
176.899994	-0.362374
177.000000	-0.540328
177.100006	-0.696737
177.199997	-0.825349
177.300003	-0.921075
177.399994	-0.980070
177.500000	-1.000000
177.600006	-0.980058
177.699997	-0.921052
177.800003	-0.825315
177.899994	-0.696694
178.000000	-0.540277
178.100006	-0.362318
178.199997	-0.169943
178.300003	0.029236
178.399994	0.227220
178.500000	0.416174
178.600006	0.588535
178.699997	0.737410
178.800003	0.856907
178.899994	0.942228
179.000000	0.989997
179.100006	0.998292
179.199997	0.966792
179.300003	0.896742
179.399994	0.790957
179.500000	0.653621
179.600006	0.490224
179.699997	0.307310
179.800003	0.112117
179.899994	-0.087517
