10.9	0.0 
11	0.029837258
11.1	0.058676427
11.2	0.086543398
11.3	0.113470789
11.4	0.139481688
11.5	0.164605861
11.6	0.188868787
11.7	0.21230272
11.8	0.234929855
11.9	0.256773391
12	0.2778633
12.1	0.298224881
12.2	0.317878575
12.3	0.33685159
12.4	0.355166179
12.5	0.372845453
12.6	0.389913381
12.7	0.406388689
12.8	0.422296965
12.9	0.43765846
13	0.452494137
13.1	0.466825674
13.2	0.480669126
13.3	0.494047501
13.4	0.506978089
13.5	0.519478751
13.6	0.531567918
13.7	0.543258017
13.8	0.55457514
13.9	0.565526095
14	0.576131396
14.1	0.58640537
14.2	0.596362768
14.3	0.606018766
14.4	0.615382067
14.5	0.624468606
14.6	0.633287747
14.7	0.64184914
14.8	0.650169806
14.9	0.658260055
15	0.666123299
15.1	0.673770322
15.2	0.681219465
15.3	0.68846899
15.4	0.695530455
15.5	0.70241125
15.6	0.709118961
15.7	0.715660623
15.8	0.722041944
15.9	0.728269547
16	0.734348695
16.1	0.740284791
16.2	0.746082608
16.3	0.751747042
16.4	0.757282336
16.5	0.762692057
16.6	0.767980662
16.7	0.773151926
16.8	0.778208116
16.9	0.783153186
17	0.787989563
17.1	0.792720563
17.2	0.797347944
17.3	0.801874347
17.4	0.806301652
17.5	0.810632631
17.6	0.814868449
17.7	0.819011155
17.8	0.823062857
17.9	0.827024865
18	0.830899389
18.1	0.834686972
18.2	0.83838905
18.3	0.842007104
18.4	0.845542656
18.5	0.84899727
18.6	0.852371667
18.7	0.855667488
18.8	0.858885519
18.9	0.862026577
19	0.865092408
19.1	0.868083895
19.2	0.871002859
19.3	0.873850247
19.4	0.876626114
19.5	0.87933238
19.6	0.881971006
19.7	0.884542127
19.8	0.88704683
19.9	0.889487175
20	0.891863367
20.1	0.894177529
20.2	0.896429913
20.3	0.89862271
20.4	0.900756216
20.5	0.902832686
20.6	0.904852464
20.7	0.90681787
20.8	0.908729294
20.9	0.91058912
21	0.912397785
21.1	0.914156739
21.2	0.915867458
21.3	0.917530441
21.4	0.919148222
21.5	0.920721344
21.6	0.922251387
21.7	0.923738929
21.8	0.925186626
21.9	0.926595104
22	0.927965002
22.1	0.929298017
22.2	0.930595874
22.3	0.931859273
22.4	0.933089983
22.5	0.934288741
22.6	0.935456295
22.7	0.93659448
22.8	0.937704082
22.9	0.938786979
23	0.939843126
23.1	0.940874005
23.2	0.941880683
23.3	0.942864021
23.4	0.943825008
23.5	0.944764644
23.6	0.945683835
23.7	0.946583277
23.8	0.9474639
23.9	0.948326537
24	0.949171918
24.1	0.950000785
24.2	0.950813777
24.3	0.951611657
24.4	0.952394969
24.5	0.95316438
24.6	0.953920335
24.7	0.954663519
24.8	0.955394393
24.9	0.956113423
25	0.956820969
25.1	0.957517508
25.2	0.958203528
25.3	0.958879286
25.4	0.959545161
25.5	0.960201419
25.6	0.960848328
25.7	0.961486282
25.8	0.962115439
25.9	0.962735959
26	0.963348127
26.1	0.963951987
26.2	0.96454783
26.3	0.965135705
26.4	0.965715786
26.5	0.96628825
26.6	0.966853026
26.7	0.967410295
26.8	0.967960114
26.9	0.968502543
27	0.969037642
27.1	0.969565473
27.2	0.970085972
27.3	0.970599202
27.4	0.97110523
27.5	0.971603992
27.6	0.972095427
27.7	0.972579733
27.8	0.973056718
27.9	0.973526454
28	0.973988879
28.1	0.974444066
28.2	0.974891955
28.3	0.97533262
28.4	0.975766003
28.5	0.976192047
28.6	0.976610826
28.7	0.977022284
28.8	0.977426499
28.9	0.977823414
29	0.978213109
29.1	0.97859553
29.2	0.978970757
29.3	0.979338736
29.4	0.979699551
29.5	0.980053149
29.6	0.980399614
29.7	0.980739032
29.8	0.98107149
29.9	0.981396939
30	0.981715468
30.1	0.982027167
30.2	0.982332128
30.3	0.982630443
30.4	0.982922208
30.5	0.983207376
30.6	0.983486186
30.7	0.983758594
30.8	0.98402484
30.9	0.984284884
31	0.984538969
31.1	0.984787199
31.2	0.985029536
31.3	0.985266227
31.4	0.985497382
31.5	0.985723109
31.6	0.985943663
31.7	0.98615901
31.8	0.986369263
31.9	0.986574683
32	0.986775385
32.1	0.986971339
32.2	0.987162812
32.3	0.987349922
32.4	0.987532939
32.5	0.987711839
32.6	0.987886743
32.7	0.988057777
32.8	0.988225218
32.9	0.988389043
33	0.988549532
33.1	0.988706664
33.2	0.988860721
33.3	0.989011686
33.4	0.989159722
33.5	0.989304965
33.6	0.989447534
33.7	0.989587537
33.8	0.989725082
33.9	0.989860278
34	0.989993233
34.1	0.990124042
34.2	0.990252803
34.3	0.990379596
34.4	0.990504534
34.5	0.990627685
34.6	0.990749147
34.7	0.990868989
34.8	0.99098728
34.9	0.99110409
35	0.99121949
35.1	0.991333533
35.2	0.991446293
35.3	0.991557808
35.4	0.991668135
35.5	0.991777331
35.6	0.991885421
35.7	0.991992447
35.8	0.99209845
35.9	0.992203473
36	0.992307527
36.1	0.992410636
36.2	0.992512845
36.3	0.992614148
36.4	0.992714572
36.5	0.992814128
36.6	0.992912826
36.7	0.993010679
36.8	0.993107696
36.9	0.993203874
37	0.993299223
37.1	0.993393722
37.2	0.993487382
37.3	0.993580198
37.4	0.993672181
37.5	0.99376331
37.6	0.993853563
37.7	0.993942951
37.8	0.994031453
37.9	0.994119063
38	0.994205776
38.1	0.994291569
38.2	0.994376421
38.3	0.994460343
38.4	0.994543296
38.5	0.994625291
38.6	0.994706307
38.7	0.994786319
38.8	0.994865324
38.9	0.994943298
39	0.995020253
39.1	0.995096148
39.2	0.995170997
39.3	0.995244775
39.4	0.995317478
39.5	0.9953891
39.6	0.995459618
39.7	0.995529043
39.8	0.995597353
39.9	0.995664561
40	0.995730642
40.1	0.99579561
40.2	0.995859459
40.3	0.995922183
40.4	0.995983795
40.5	0.996044272
40.6	0.996103645
40.7	0.99616189
40.8	0.996219038
40.9	0.996275085
41	0.996330024
41.1	0.996383871
41.2	0.996436655
41.3	0.996488354
41.4	0.996538999
41.5	0.996588605
41.6	0.996637185
41.7	0.996684734
41.8	0.996731286
41.9	0.996776853
42	0.996821451
42.1	0.996865093
42.2	0.996907794
42.3	0.996949588
42.4	0.996990489
42.5	0.997030512
42.6	0.997069672
42.7	0.997108003
42.8	0.99714552
42.9	0.99718224
43	0.997218176
43.1	0.997253365
43.2	0.997287821
43.3	0.997321581
43.4	0.997354659
43.5	0.997387072
43.6	0.997418856
43.7	0.997450009
43.8	0.997480565
43.9	0.997510561
44	0.997539994
44.1	0.997568901
44.2	0.9975973
44.3	0.997625206
44.4	0.997652658
44.5	0.997679653
44.6	0.997706229
44.7	0.997732383
44.8	0.997758152
44.9	0.997783556
45	0.997808592
45.1	0.997833299
45.2	0.997857674
45.3	0.997881757
45.4	0.997905544
45.5	0.997929057
45.6	0.997952292
45.7	0.997975289
45.8	0.997998047
45.9	0.998020584
46	0.998042899
46.1	0.998065013
46.2	0.998086923
46.3	0.998108649
46.4	0.998130191
46.5	0.998151566
46.6	0.998172776
46.7	0.998193819
46.8	0.998214714
46.9	0.998235461
47	0.998256059
47.1	0.998276529
47.2	0.99829686
47.3	0.998317059
47.4	0.998337127
47.5	0.998357066
47.6	0.998376876
47.7	0.998396559
47.8	0.998416114
47.9	0.998435543
48	0.998454845
48.1	0.998474018
48.2	0.998493061
48.3	0.998511973
48.4	0.998530752
48.5	0.998549396
48.6	0.998567902
48.7	0.998586268
48.8	0.99860449
48.9	0.998622568
49	0.998640494
49.1	0.99865827
49.2	0.998675889
49.3	0.99869335
49.4	0.998710648
49.5	0.998727779
49.6	0.998744741
49.7	0.998761532
49.8	0.998778147
49.9	0.99879458
50	0.99881083
50.1	0.998826894
50.2	0.998842768
50.3	0.99885845
50.4	0.998873936
50.5	0.998889224
50.6	0.998904311
50.7	0.998919194
50.8	0.998933871
50.9	0.99894834
51	0.998962599
51.1	0.998976646
51.2	0.998990481
51.3	0.9990041
51.4	0.999017505
51.5	0.999030693
51.6	0.999043665
51.7	0.99905642
51.8	0.999068957
51.9	0.999081277
52	0.99909338
52.1	0.999105268
52.2	0.999116939
52.3	0.999128396
52.4	0.999139639
52.5	0.999150671
52.6	0.999161492
52.7	0.999172105
52.8	0.999182512
52.9	0.999192712
53	0.999202712
53.1	0.999212513
53.2	0.999222119
53.3	0.99923153
53.4	0.999240751
53.5	0.999249785
53.6	0.999258637
53.7	0.999267307
53.8	0.999275801
53.9	0.999284124
54	0.999292277
54.1	0.999300266
54.2	0.999308094
54.3	0.999315765
54.4	0.999323285
54.5	0.999330657
54.6	0.999337884
54.7	0.999344972
54.8	0.999351925
54.9	0.999358747
55	0.999365441
55.1	0.999372014
55.2	0.99937847
55.3	0.99938481
55.4	0.999391041
55.5	0.999397168
55.6	0.999403192
55.7	0.99940912
55.8	0.999414954
55.9	0.999420699
56	0.999426358
56.1	0.999431937
56.2	0.999437439
56.3	0.999442867
56.4	0.999448222
56.5	0.99945351
56.6	0.999458734
56.7	0.999463897
56.8	0.999469003
56.9	0.999474054
57	0.999479053
57.1	0.999484002
57.2	0.999488903
57.3	0.99949376
57.4	0.999498576
57.5	0.999503351
57.6	0.999508088
57.7	0.999512789
57.8	0.999517455
57.9	0.999522088
58	0.999526689
58.1	0.999531262
58.2	0.999535804
58.3	0.999540321
58.4	0.999544809
58.5	0.999549272
58.6	0.999553711
58.7	0.999558126
58.8	0.999562517
58.9	0.999566884
59	0.99957123
59.1	0.999575552
59.2	0.999579852
59.3	0.999584131
59.4	0.999588385
59.5	0.999592617
59.6	0.999596827
59.7	0.999601015
59.8	0.999605179
59.9	0.99960932
60	0.999613437
60.1	0.999617529
60.2	0.999621597
60.3	0.999625637
60.4	0.999629652
60.5	0.999633639
60.6	0.999637599
60.7	0.999641532
60.8	0.999645435
60.9	0.999649307
61	0.999653149
61.1	0.999656959
61.2	0.999660738
61.3	0.999664484
61.4	0.999668195
61.5	0.999671872
61.6	0.999675514
61.7	0.999679118
61.8	0.999682687
61.9	0.999686217
62	0.999689708
62.1	0.999693162
62.2	0.999696574
62.3	0.999699947
62.4	0.99970328
62.5	0.999706571
62.6	0.999709821
62.7	0.999713026
62.8	0.999716191
62.9	0.999719311
63	0.999722387
63.1	0.999725419
63.2	0.999728406
63.3	0.999731349
63.4	0.999734247
63.5	0.999737101
63.6	0.999739909
63.7	0.999742674
63.8	0.999745393
63.9	0.999748067
64	0.999750696
64.1	0.999753279
64.2	0.999755818
64.3	0.999758313
64.4	0.999760764
64.5	0.99976317
64.6	0.999765534
64.7	0.999767854
64.8	0.999770132
64.9	0.999772368
65	0.999774562
65.1	0.999776715
65.2	0.999778827
65.3	0.999780899
65.4	0.999782932
65.5	0.999784927
65.6	0.999786883
65.7	0.999788802
65.8	0.999790685
65.9	0.999792531
66	0.999794343
66.1	0.99979612
66.2	0.999797864
66.3	0.999799575
66.4	0.999801255
66.5	0.999802903
66.6	0.999804521
66.7	0.99980611
66.8	0.99980767
66.9	0.999809203
67	0.999810709
67.1	0.999812189
67.2	0.999813644
67.3	0.999815075
67.4	0.999816483
67.5	0.999817867
67.6	0.999819231
67.7	0.999820573
67.8	0.999821895
67.9	0.999823197
68	0.999824482
68.1	0.999825748
68.2	0.999826997
68.3	0.99982823
68.4	0.999829448
68.5	0.99983065
68.6	0.999831838
68.7	0.999833013
68.8	0.999834174
68.9	0.999835323
69	0.99983646
69.1	0.999837585
69.2	0.9998387
69.3	0.999839805
69.4	0.999840899
69.5	0.999841985
69.6	0.999843062
69.7	0.99984413
69.8	0.999845189
69.9	0.999846242
70	0.999847286
70.1	0.999848324
70.2	0.999849355
70.3	0.999850379
70.4	0.999851397
70.5	0.999852408
70.6	0.999853414
70.7	0.999854414
70.8	0.999855408
70.9	0.999856397
71	0.999857381
71.1	0.999858359
71.2	0.999859333
71.3	0.999860301
71.4	0.999861264
71.5	0.999862222
71.6	0.999863175
71.7	0.999864122
71.8	0.999865065
71.9	0.999866003
72	0.999866935
72.1	0.999867863
72.2	0.999868784
72.3	0.999869701
72.4	0.999870612
72.5	0.999871517
72.6	0.999872417
72.7	0.999873311
72.8	0.999874199
72.9	0.999875081
73	0.999875957
73.1	0.999876826
73.2	0.999877689
73.3	0.999878546
73.4	0.999879395
73.5	0.999880238
73.6	0.999881074
73.7	0.999881903
73.8	0.999882724
73.9	0.999883538
74	0.999884345
74.1	0.999885143
74.2	0.999885934
74.3	0.999886717
74.4	0.999887492
74.5	0.999888259
74.6	0.999889017
74.7	0.999889768
74.8	0.999890509
74.9	0.999891242
75	0.999891967
75.1	0.999892682
75.2	0.999893389
75.3	0.999894087
75.4	0.999894776
75.5	0.999895456
75.6	0.999896128
75.7	0.99989679
75.8	0.999897443
75.9	0.999898087
76	0.999898722
76.1	0.999899348
76.2	0.999899965
76.3	0.999900572
76.4	0.999901171
76.5	0.999901761
76.6	0.999902342
76.7	0.999902914
76.8	0.999903478
76.9	0.999904032
77	0.999904578
77.1	0.999905115
77.2	0.999905644
77.3	0.999906164
77.4	0.999906676
77.5	0.999907179
77.6	0.999907675
77.7	0.999908162
77.8	0.999908642
77.9	0.999909114
78	0.999909578
78.1	0.999910035
78.2	0.999910484
78.3	0.999910927
78.4	0.999911362
78.5	0.99991179
78.6	0.999912211
78.7	0.999912626
78.8	0.999913034
78.9	0.999913436
79	0.999913832
79.1	0.999914221
79.2	0.999914605
79.3	0.999914984
79.4	0.999915356
79.5	0.999915724
79.6	0.999916086
79.7	0.999916443
79.8	0.999916795
79.9	0.999917142
80	0.999917484
80.1	0.999917823
80.2	0.999918157
80.3	0.999918486
80.4	0.999918812
80.5	0.999919134
80.6	0.999919452
80.7	0.999919766
80.8	0.999920077
80.9	0.999920385
81	0.999920689
81.1	0.99992099
81.2	0.999921288
81.3	0.999921583
81.4	0.999921876
81.5	0.999922165
81.6	0.999922452
81.7	0.999922737
81.8	0.999923019
81.9	0.999923299
82	0.999923576
82.1	0.999923852
82.2	0.999924125
82.3	0.999924396
82.4	0.999924665
82.5	0.999924933
82.6	0.999925198
82.7	0.999925462
82.8	0.999925723
82.9	0.999925983
83	0.999926242
83.1	0.999926498
83.2	0.999926754
83.3	0.999927007
83.4	0.999927259
83.5	0.999927509
83.6	0.999927758
83.7	0.999928005
83.8	0.99992825
83.9	0.999928494
84	0.999928737
84.1	0.999928978
84.2	0.999929217
84.3	0.999929455
84.4	0.999929691
84.5	0.999929926
84.6	0.999930159
84.7	0.999930391
84.8	0.999930621
84.9	0.999930849
85	0.999931076
85.1	0.999931301
85.2	0.999931524
85.3	0.999931746
85.4	0.999931965
85.5	0.999932183
85.6	0.9999324
85.7	0.999932614
85.8	0.999932827
85.9	0.999933038
86	0.999933247
86.1	0.999933454
86.2	0.999933659
86.3	0.999933862
86.4	0.999934064
86.5	0.999934263
86.6	0.99993446
86.7	0.999934655
86.8	0.999934849
86.9	0.99993504
87	0.999935229
87.1	0.999935416
87.2	0.9999356
87.3	0.999935783
87.4	0.999935964
87.5	0.999936142
87.6	0.999936318
87.7	0.999936492
87.8	0.999936664
87.9	0.999936833
88	0.999937001
88.1	0.999937166
88.2	0.999937329
88.3	0.99993749
88.4	0.999937648
88.5	0.999937805
88.6	0.999937959
88.7	0.999938111
88.8	0.999938261
88.9	0.999938408
89	0.999938554
89.1	0.999938697
89.2	0.999938839
89.3	0.999938978
89.4	0.999939115
89.5	0.99993925
89.6	0.999939383
89.7	0.999939514
89.8	0.999939643
89.9	0.99993977
90	0.999939895
90.1	0.999940018
90.2	0.99994014
90.3	0.999940259
90.4	0.999940377
90.5	0.999940493
90.6	0.999940607
90.7	0.99994072
90.8	0.999940831
90.9	0.99994094
91	0.999941048
91.1	0.999941154
91.2	0.999941259
91.3	0.999941362
91.4	0.999941464
91.5	0.999941564
91.6	0.999941664
91.7	0.999941762
91.8	0.999941858
91.9	0.999941954
92	0.999942048
92.1	0.999942142
92.2	0.999942234
92.3	0.999942325
92.4	0.999942416
92.5	0.999942505
92.6	0.999942594
92.7	0.999942681
92.8	0.999942768
92.9	0.999942855
93	0.99994294
93.1	0.999943025
93.2	0.999943109
93.3	0.999943193
93.4	0.999943276
93.5	0.999943358
93.6	0.99994344
93.7	0.999943522
93.8	0.999943603
93.9	0.999943684
94	0.999943764
94.1	0.999943844
94.2	0.999943924
94.3	0.999944004
94.4	0.999944083
94.5	0.999944162
94.6	0.999944241
94.7	0.999944319
94.8	0.999944398
94.9	0.999944476
95	0.999944554
95.1	0.999944632
95.2	0.99994471
95.3	0.999944787
95.4	0.999944865
95.5	0.999944942
95.6	0.99994502
95.7	0.999945097
95.8	0.999945175
95.9	0.999945252
96	0.999945329
96.1	0.999945406
96.2	0.999945483
96.3	0.99994556
96.4	0.999945637
96.5	0.999945714
96.6	0.999945791
96.7	0.999945868
96.8	0.999945945
96.9	0.999946021
97	0.999946098
97.1	0.999946174
97.2	0.999946251
97.3	0.999946327
97.4	0.999946403
97.5	0.999946479
97.6	0.999946555
97.7	0.999946631
97.8	0.999946707
97.9	0.999946782
98	0.999946858
98.1	0.999946933
98.2	0.999947008
98.3	0.999947083
98.4	0.999947157
98.5	0.999947231
98.6	0.999947305
98.7	0.999947379
98.8	0.999947453
98.9	0.999947526
99	0.999947598
99.1	0.999947671
99.2	0.999947743
99.3	0.999947815
99.4	0.999947886
99.5	0.999947957
99.6	0.999948027
99.7	0.999948097
99.8	0.999948167
99.9	0.999948236
100	0.999948304
100.1	0.999948372
100.2	0.99994844
100.3	0.999948507
100.4	0.999948573
100.5	0.999948639
100.6	0.999948704
100.7	0.999948769
100.8	0.999948833
100.9	0.999948896
101	0.999948959
101.1	0.999949021
101.2	0.999949082
101.3	0.999949143
101.4	0.999949203
101.5	0.999949262
101.6	0.99994932
101.7	0.999949378
101.8	0.999949435
101.9	0.999949492
102	0.999949547
102.1	0.999949602
102.2	0.999949656
102.3	0.99994971
102.4	0.999949763
102.5	0.999949815
102.6	0.999949866
102.7	0.999949916
102.8	0.999949966
102.9	0.999950015
103	0.999950063
103.1	0.999950111
103.2	0.999950158
103.3	0.999950204
103.4	0.999950249
103.5	0.999950294
103.6	0.999950338
103.7	0.999950381
103.8	0.999950424
103.9	0.999950466
104	0.999950508
104.1	0.999950548
104.2	0.999950589
104.3	0.999950628
104.4	0.999950667
104.5	0.999950705
104.6	0.999950743
104.7	0.99995078
104.8	0.999950817
104.9	0.999950853
105	0.999950889
105.1	0.999950924
105.2	0.999950959
105.3	0.999950993
105.4	0.999951027
105.5	0.99995106
105.6	0.999951093
105.7	0.999951125
105.8	0.999951157
105.9	0.999951189
106	0.99995122
106.1	0.999951251
106.2	0.999951281
106.3	0.999951312
106.4	0.999951342
106.5	0.999951371
106.6	0.999951401
106.7	0.99995143
106.8	0.999951459
106.9	0.999951487
107	0.999951516
107.1	0.999951544
107.2	0.999951572
107.3	0.9999516
107.4	0.999951628
107.5	0.999951655
107.6	0.999951683
107.7	0.99995171
107.8	0.999951738
107.9	0.999951765
108	0.999951792
108.1	0.99995182
108.2	0.999951847
108.3	0.999951874
108.4	0.999951902
108.5	0.999951929
108.6	0.999951957
108.7	0.999951984
108.8	0.999952012
108.9	0.99995204
109	0.999952068
109.1	0.999952096
109.2	0.999952124
109.3	0.999952152
109.4	0.999952181
109.5	0.99995221
109.6	0.999952239
109.7	0.999952268
109.8	0.999952298
109.9	0.999952328
110	0.999952358
110.1	0.999952389
110.2	0.999952419
110.3	0.99995245
110.4	0.999952482
110.5	0.999952514
110.6	0.999952546
110.7	0.999952578
110.8	0.999952611
110.9	0.999952644
111	0.999952677
111.1	0.999952711
111.2	0.999952745
111.3	0.999952779
111.4	0.999952814
111.5	0.999952849
111.6	0.999952885
111.7	0.999952921
111.8	0.999952957
111.9	0.999952994
112	0.999953031
112.1	0.999953068
112.2	0.999953105
112.3	0.999953143
112.4	0.999953181
112.5	0.99995322
112.6	0.999953259
112.7	0.999953298
112.8	0.999953337
112.9	0.999953377
113	0.999953417
113.1	0.999953457
113.2	0.999953498
113.3	0.999953538
113.4	0.999953579
113.5	0.99995362
113.6	0.999953662
113.7	0.999953703
113.8	0.999953745
113.9	0.999953787
114	0.99995383
114.1	0.999953872
114.2	0.999953914
114.3	0.999953957
114.4	0.999954
114.5	0.999954043
114.6	0.999954086
114.7	0.999954129
114.8	0.999954173
114.9	0.999954216
115	0.99995426
115.1	0.999954303
115.2	0.999954347
115.3	0.999954391
115.4	0.999954435
115.5	0.999954478
115.6	0.999954522
115.7	0.999954566
115.8	0.99995461
115.9	0.999954654
116	0.999954698
116.1	0.999954742
116.2	0.999954785
116.3	0.999954829
116.4	0.999954873
116.5	0.999954916
116.6	0.99995496
116.7	0.999955003
116.8	0.999955047
116.9	0.99995509
117	0.999955133
117.1	0.999955176
117.2	0.999955219
117.3	0.999955261
117.4	0.999955304
117.5	0.999955346
117.6	0.999955388
117.7	0.99995543
117.8	0.999955471
117.9	0.999955513
118	0.999955554
118.1	0.999955595
118.2	0.999955636
118.3	0.999955676
118.4	0.999955717
118.5	0.999955757
118.6	0.999955796
118.7	0.999955836
118.8	0.999955875
118.9	0.999955914
119	0.999955953
119.1	0.999955991
119.2	0.99995603
119.3	0.999956068
119.4	0.999956105
119.5	0.999956143
119.6	0.99995618
119.7	0.999956217
119.8	0.999956254
119.9	0.999956291
120	0.999956327
120.1	0.999956363
120.2	0.999956399
120.3	0.999956435
120.4	0.999956471
120.5	0.999956506
120.6	0.999956542
120.7	0.999956577
120.8	0.999956612
120.9	0.999956647
121	0.999956682
121.1	0.999956717
121.2	0.999956752
121.3	0.999956786
121.4	0.999956821
121.5	0.999956856
121.6	0.99995689
121.7	0.999956925
121.8	0.999956959
121.9	0.999956994
122	0.999957028
122.1	0.999957063
122.2	0.999957097
122.3	0.999957132
122.4	0.999957167
122.5	0.999957201
122.6	0.999957236
122.7	0.999957271
122.8	0.999957306
122.9	0.999957341
123	0.999957376
123.1	0.999957411
123.2	0.999957446
123.3	0.999957482
123.4	0.999957517
123.5	0.999957553
123.6	0.999957589
123.7	0.999957624
123.8	0.99995766
123.9	0.999957697
124	0.999957733
124.1	0.999957769
124.2	0.999957806
124.3	0.999957843
124.4	0.99995788
124.5	0.999957917
124.6	0.999957954
124.7	0.999957992
124.8	0.99995803
124.9	0.999958067
125	0.999958106
125.1	0.999958144
125.2	0.999958183
125.3	0.999958222
125.4	0.999958261
125.5	0.9999583
125.6	0.99995834
125.7	0.99995838
125.8	0.99995842
125.9	0.99995846
126	0.999958501
126.1	0.999958542
126.2	0.999958584
126.3	0.999958625
126.4	0.999958667
126.5	0.99995871
126.6	0.999958752
126.7	0.999958795
126.8	0.999958839
126.9	0.999958882
127	0.999958926
127.1	0.999958971
127.2	0.999959015
127.3	0.99995906
127.4	0.999959106
127.5	0.999959152
127.6	0.999959198
127.7	0.999959244
127.8	0.999959291
127.9	0.999959338
128	0.999959385
128.1	0.999959433
128.2	0.999959481
128.3	0.99995953
128.4	0.999959578
128.5	0.999959627
128.6	0.999959677
128.7	0.999959726
128.8	0.999959776
128.9	0.999959827
129	0.999959877
129.1	0.999959928
129.2	0.999959979
129.3	0.999960031
129.4	0.999960083
129.5	0.999960135
129.6	0.999960187
129.7	0.99996024
129.8	0.999960293
129.9	0.999960346
130	0.9999604
130.1	0.999960454
130.2	0.999960508
130.3	0.999960562
130.4	0.999960617
130.5	0.999960672
130.6	0.999960727
130.7	0.999960783
130.8	0.999960839
130.9	0.999960895
131	0.999960951
131.1	0.999961008
131.2	0.999961065
131.3	0.999961123
131.4	0.99996118
131.5	0.999961238
131.6	0.999961297
131.7	0.999961356
131.8	0.999961415
131.9	0.999961474
132	0.999961534
132.1	0.999961594
132.2	0.999961654
132.3	0.999961715
132.4	0.999961776
132.5	0.999961838
132.6	0.9999619
132.7	0.999961962
132.8	0.999962024
132.9	0.999962087
133	0.999962151
133.1	0.999962214
133.2	0.999962278
133.3	0.999962342
133.4	0.999962407
133.5	0.999962472
133.6	0.999962537
133.7	0.999962602
133.8	0.999962668
133.9	0.999962734
134	0.9999628
134.1	0.999962867
134.2	0.999962934
134.3	0.999963001
134.4	0.999963068
134.5	0.999963136
134.6	0.999963204
134.7	0.999963272
134.8	0.99996334
134.9	0.999963409
135	0.999963478
135.1	0.999963546
135.2	0.999963616
135.3	0.999963685
135.4	0.999963754
135.5	0.999963824
135.6	0.999963894
135.7	0.999963964
135.8	0.999964034
135.9	0.999964104
136	0.999964174
136.1	0.999964245
136.2	0.999964315
136.3	0.999964386
136.4	0.999964457
136.5	0.999964528
136.6	0.999964599
136.7	0.99996467
136.8	0.999964741
136.9	0.999964812
137	0.999964884
137.1	0.999964955
137.2	0.999965026
137.3	0.999965098
137.4	0.99996517
137.5	0.999965241
137.6	0.999965313
137.7	0.999965385
137.8	0.999965456
137.9	0.999965528
138	0.9999656
138.1	0.999965672
138.2	0.999965743
138.3	0.999965815
138.4	0.999965887
138.5	0.999965959
138.6	0.99996603
138.7	0.999966102
138.8	0.999966174
138.9	0.999966245
139	0.999966317
139.1	0.999966388
139.2	0.999966459
139.3	0.99996653
139.4	0.999966601
139.5	0.999966672
139.6	0.999966743
139.7	0.999966814
139.8	0.999966885
139.9	0.999966955
140	0.999967025
140.1	0.999967095
140.2	0.999967165
140.3	0.999967235
140.4	0.999967305
140.5	0.999967375
140.6	0.999967444
140.7	0.999967513
140.8	0.999967582
140.9	0.999967651
141	0.99996772
141.1	0.999967789
141.2	0.999967858
141.3	0.999967926
141.4	0.999967995
141.5	0.999968063
141.6	0.999968132
141.7	0.9999682
141.8	0.999968268
141.9	0.999968336
142	0.999968404
142.1	0.999968473
142.2	0.999968541
142.3	0.999968609
142.4	0.999968678
142.5	0.999968746
142.6	0.999968814
142.7	0.999968883
142.8	0.999968952
142.9	0.999969021
143	0.99996909
143.1	0.999969159
143.2	0.999969229
143.3	0.999969298
143.4	0.999969368
143.5	0.999969438
143.6	0.999969509
143.7	0.99996958
143.8	0.999969651
143.9	0.999969722
144	0.999969794
144.1	0.999969866
144.2	0.999969938
144.3	0.999970011
144.4	0.999970084
144.5	0.999970158
144.6	0.999970232
144.7	0.999970306
144.8	0.999970381
144.9	0.999970457
145	0.999970532
145.1	0.999970609
145.2	0.999970685
145.3	0.999970762
145.4	0.99997084
145.5	0.999970918
145.6	0.999970997
145.7	0.999971076
145.8	0.999971155
145.9	0.999971236
146	0.999971316
146.1	0.999971397
146.2	0.999971479
146.3	0.999971561
146.4	0.999971644
146.5	0.999971728
146.6	0.999971811
146.7	0.999971896
146.8	0.999971981
146.9	0.999972066
147	0.999972152
147.1	0.999972239
147.2	0.999972326
147.3	0.999972414
147.4	0.999972502
147.5	0.999972591
147.6	0.99997268
147.7	0.99997277
147.8	0.99997286
147.9	0.999972951
148	0.999973043
148.1	0.999973135
148.2	0.999973227
148.3	0.99997332
148.4	0.999973413
148.5	0.999973507
148.6	0.999973601
148.7	0.999973696
148.8	0.999973791
148.9	0.999973886
149	0.999973982
149.1	0.999974078
149.2	0.999974175
149.3	0.999974272
149.4	0.999974369
149.5	0.999974466
149.6	0.999974564
149.7	0.999974661
149.8	0.999974759
149.9	0.999974857
150	0.999974956
150.1	0.999975054
150.2	0.999975152
150.3	0.999975251
150.4	0.999975349
150.5	0.999975448
150.6	0.999975546
150.7	0.999975644
150.8	0.999975743
150.9	0.999975841
151	0.999975939
151.1	0.999976037
151.2	0.999976134
151.3	0.999976232
151.4	0.999976329
151.5	0.999976426
151.6	0.999976523
151.7	0.99997662
151.8	0.999976716
151.9	0.999976812
152	0.999976908
152.1	0.999977003
152.2	0.999977098
152.3	0.999977193
152.4	0.999977287
152.5	0.999977382
152.6	0.999977475
152.7	0.999977569
152.8	0.999977662
152.9	0.999977755
153	0.999977847
153.1	0.999977939
153.2	0.999978031
153.3	0.999978122
153.4	0.999978213
153.5	0.999978304
153.6	0.999978394
153.7	0.999978484
153.8	0.999978574
153.9	0.999978664
154	0.999978753
154.1	0.999978842
154.2	0.999978931
154.3	0.999979019
154.4	0.999979108
154.5	0.999979196
154.6	0.999979284
154.7	0.999979371
154.8	0.999979459
154.9	0.999979546
155	0.999979634
155.1	0.999979721
155.2	0.999979808
155.3	0.999979895
155.4	0.999979981
155.5	0.999980068
155.6	0.999980155
155.7	0.999980241
155.8	0.999980328
155.9	0.999980415
156	0.999980501
156.1	0.999980588
156.2	0.999980675
156.3	0.999980762
156.4	0.999980849
156.5	0.999980936
156.6	0.999981023
156.7	0.999981111
156.8	0.999981198
156.9	0.999981286
157	0.999981374
157.1	0.999981462
157.2	0.999981551
157.3	0.999981639
157.4	0.999981729
157.5	0.999981818
157.6	0.999981908
157.7	0.999981998
157.8	0.999982089
157.9	0.99998218
158	0.999982271
158.1	0.999982363
158.2	0.999982455
158.3	0.999982548
158.4	0.999982641
158.5	0.999982735
158.6	0.99998283
158.7	0.999982925
158.8	0.99998302
158.9	0.999983116
159	0.999983213
159.1	0.99998331
159.2	0.999983408
159.3	0.999983507
159.4	0.999983606
159.5	0.999983705
159.6	0.999983806
159.7	0.999983907
159.8	0.999984009
159.9	0.999984111
160	0.999984214
160.1	0.999984317
160.2	0.999984421
160.3	0.999984526
160.4	0.999984631
160.5	0.999984737
160.6	0.999984844
160.7	0.999984951
160.8	0.999985059
160.9	0.999985167
161	0.999985276
161.1	0.999985385
161.2	0.999985495
161.3	0.999985606
161.4	0.999985716
161.5	0.999985828
161.6	0.999985939
161.7	0.999986052
161.8	0.999986164
161.9	0.999986277
162	0.999986391
162.1	0.999986504
162.2	0.999986618
162.3	0.999986733
162.4	0.999986848
162.5	0.999986963
162.6	0.999987078
162.7	0.999987194
162.8	0.999987309
162.9	0.999987426
163	0.999987542
163.1	0.999987658
163.2	0.999987775
163.3	0.999987892
163.4	0.999988009
163.5	0.999988126
163.6	0.999988244
163.7	0.999988361
163.8	0.999988478
163.9	0.999988596
164	0.999988714
164.1	0.999988831
164.2	0.999988949
164.3	0.999989066
164.4	0.999989184
164.5	0.999989302
164.6	0.999989419
164.7	0.999989537
164.8	0.999989654
164.9	0.999989772
165	0.999989889
165.1	0.999990006
165.2	0.999990123
165.3	0.99999024
165.4	0.999990356
165.5	0.999990473
165.6	0.999990589
165.7	0.999990705
165.8	0.99999082
165.9	0.999990936
166	0.999991051
166.1	0.999991166
166.2	0.99999128
166.3	0.999991395
166.4	0.999991508
166.5	0.999991622
166.6	0.999991735
166.7	0.999991847
166.8	0.99999196
166.9	0.999992071
167	0.999992183
167.1	0.999992293
167.2	0.999992404
167.3	0.999992514
167.4	0.999992623
167.5	0.999992732
167.6	0.99999284
167.7	0.999992948
167.8	0.999993055
167.9	0.999993161
168	0.999993267
168.1	0.999993373
168.2	0.999993477
168.3	0.999993581
168.4	0.999993685
168.5	0.999993788
168.6	0.99999389
168.7	0.999993992
168.8	0.999994092
168.9	0.999994193
169	0.999994292
169.1	0.999994391
169.2	0.999994489
169.3	0.999994587
169.4	0.999994684
169.5	0.99999478
169.6	0.999994875
169.7	0.999994969
169.8	0.999995063
169.9	0.999995156
170	0.999995249
170.1	0.99999534
170.2	0.999995431
170.3	0.999995521
170.4	0.99999561
170.5	0.999995699
170.6	0.999995786
170.7	0.999995873
170.8	0.999995959
170.9	0.999996045
171	0.999996129
171.1	0.999996212
171.2	0.999996295
171.3	0.999996377
171.4	0.999996458
171.5	0.999996538
171.6	0.999996617
171.7	0.999996696
171.8	0.999996773
171.9	0.99999685
172	0.999996926
172.1	0.999997001
172.2	0.999997075
172.3	0.999997148
172.4	0.99999722
172.5	0.999997291
172.6	0.999997362
172.7	0.999997431
172.8	0.9999975
172.9	0.999997567
173	0.999997634
173.1	0.9999977
173.2	0.999997765
173.3	0.999997829
173.4	0.999997892
173.5	0.999997954
173.6	0.999998015
173.7	0.999998075
173.8	0.999998135
173.9	0.999998193
174	0.999998251
174.1	0.999998307
174.2	0.999998363
174.3	0.999998418
174.4	0.999998471
174.5	0.999998524
174.6	0.999998576
174.7	0.999998628
174.8	0.999998678
174.9	0.999998727
175	0.999998775
175.1	0.999998823
175.2	0.999998869
175.3	0.999998915
175.4	0.99999896
175.5	0.999999004
175.6	0.999999046
175.7	0.999999088
175.8	0.99999913
175.9	0.99999917
176	0.999999209
176.1	0.999999247
176.2	0.999999285
176.3	0.999999321
176.4	0.999999357
176.5	0.999999391
176.6	0.999999425
176.7	0.999999458
176.8	0.999999489
176.9	0.99999952
177	0.99999955
177.1	0.999999579
177.2	0.999999607
177.3	0.999999634
177.4	0.99999966
177.5	0.999999685
177.6	0.99999971
177.7	0.999999733
177.8	0.999999755
177.9	0.999999776
178	0.999999797
178.1	0.999999816
178.2	0.999999835
178.3	0.999999852
178.4	0.999999869
178.5	0.999999884
178.6	0.999999899
178.7	0.999999912
178.8	0.999999925
178.9	0.999999936
179	0.999999947
179.1	0.999999957
179.2	0.999999965
179.3	0.999999973
179.4	0.99999998
179.5	0.999999986
179.6	0.999999991
179.7	0.999999994
179.8	0.999999997
179.9	0.999999999
180	1