4.5     0.044857247
4.6     0.0422140028
4.7     0.0397868221
4.8     0.037551809
4.9     0.0354810924
5       0.0335676921
5.1     0.0317772784
5.2     0.0301232636
5.3     0.0285663507
5.4     0.0271169702
5.5     0.0257390643
5.6     0.0244572337
5.7     0.0232490963
5.8     0.0221131517
5.9     0.0210414379
6       0.0200339469
6.1     0.0190842091
6.2     0.0181849611
6.3     0.0173406687
6.4     0.0165430755
6.5     0.0157895912
6.6     0.0150805075
6.7     0.0144092601
6.8     0.0137754458
6.9     0.0131784629
7       0.0126140339
7.1     0.0120845377
7.2     0.011581625
7.3     0.0111072284
7.4     0.0106596051
7.5     0.0102368141
7.6     0.0098367161
7.7     0.0094569739
7.8     0.0090950525
7.9     0.008756061
8       0.0084333941
8.1     0.008128091
8.2     0.0078371213
8.3     0.0075572572
8.4     0.0072934085
8.5     0.0070422481
8.6     0.0068045176
8.7     0.0065723275
8.8     0.0063548526
8.9     0.0061440059
9       0.0059402327
9.1     0.00574849
9.2     0.0055602474
9.3     0.0053804124
9.4     0.0052047698
9.5     0.005038325
9.6     0.004876764
9.7     0.0047203834
9.8     0.0045689937
9.9     0.0044218954
10      0.0042798356
10.1        0.0041420803
10.2        0.0040083609
10.3        0.0038783894
10.4        0.003752373
10.5        0.003629999
10.6        0.0035109348
10.7        0.0033953579
10.8        0.0032829112
10.9        0.0031742968
11      0.0030680589
11.1        0.002965429
11.2        0.0028654612
11.3        0.0027688476
11.4        0.002674608
11.5        0.0025834291
11.6        0.0024948702
11.7        0.0024096278
11.8        0.0023266676
11.9        0.0022460929
12      0.0021686001
12.1        0.0020937088
12.2        0.0020209192
12.3        0.0019509275
12.4        0.0018832239
12.5        0.0018178967
12.6        0.0017550342
12.7        0.0016940972
12.8        0.0016357913
12.9        0.0015795677
13      0.0015254998
13.1        0.0014736609
13.2        0.0014234728
13.3        0.0013756506
13.4        0.0013296063
13.5        0.0012853985
13.6        0.0012430859
13.7        0.0012020512
13.8        0.0011636995
13.9        0.0011260476
14      0.0010905054
14.1        0.0010564361
14.2        0.0010238837
14.3        0.0009928919
14.4        0.0009627949
14.5        0.0009343364
14.6        0.0009068408
14.7        0.0008803375
14.8        0.0008555844
14.9        0.0008318914
15      0.0008085494
15.1        0.0007863161
15.2        0.0007659688
15.3        0.0007454429
15.4        0.0007261053
15.5        0.0007075275
15.6        0.00068973
15.7        0.0006726558
15.8        0.0006561685
15.9        0.0006403622
16      0.0006250971
16.1        0.0006103876
16.2        0.0005961688
16.3        0.0005824536
16.4        0.0005691746
16.5        0.0005562623
16.6        0.0005438084
16.7        0.0005317426
16.8        0.00051991
16.9        0.0005084839
17      0.0004973074
17.1        0.0004864719
17.2        0.0004758171
17.3        0.0004654338
17.4        0.000455244
17.5        0.0004453391
17.6        0.000435554
17.7        0.0004259797
17.8        0.0004166221
17.9        0.0004073992
18      0.0003984035
18.1        0.0003894636
18.2        0.0003806715
18.3        0.0003720316
18.4        0.0003635482
18.5        0.0003552256
18.6        0.0003469773
18.7        0.0003388975
18.8        0.0003308987
18.9        0.0003229837
19      0.0003152485
19.1        0.0003076039
19.2        0.0003001467
19.3        0.0002927868
19.4        0.0002854325
19.5        0.0002782756
19.6        0.0002713206
19.7        0.0002643792
19.8        0.0002575497
19.9        0.000250932
20      0.0002443353
20.1        0.0002379571
20.2        0.0002316047
20.3        0.0002254774
20.4        0.0002193808
20.5        0.000213516
20.6        0.0002076866
20.7        0.0002020957
20.8        0.0001965449
20.9        0.0001912393
21      0.0001859786
21.1        0.0001808669
21.2        0.0001759072
21.3        0.0001709985
21.4        0.0001663506
21.5        0.0001617586
21.6        0.0001573288
21.7        0.0001529587
21.8        0.0001488615
21.9        0.0001448287
22      0.0001408617
22.1        0.0001370692
22.2        0.000133454
22.3        0.0001299108
22.4        0.0001265496
22.5        0.000123264
22.6        0.0001200555
22.7        0.0001170355
22.8        0.0001140964
22.9        0.0001113504
23      0.0001085999
23.1        0.0001060016
23.2        0.0001035131
23.3        0.0001011132
23.4        9.88148169818142E-05
23.5        9.66194224626643E-05
23.6        9.45171297299201E-05
23.7        9.24863945538953E-05
23.8        9.05513589167317E-05
23.9        8.87018513516021E-05
24      8.6927516358027E-05
24.1        8.52294644764839E-05
24.2        8.35971094775645E-05
24.3        8.20431630676728E-05
24.4        8.05451591825078E-05
24.5        7.91157613087473E-05
24.6        7.77321831857945E-05
24.7        0.000076419
24.8        7.51531290082245E-05
24.9        7.39353747269985E-05
25      7.27543327764725E-05
25.1        7.16226599332462E-05
25.2        0.000070541
25.3        6.94857900011859E-05
25.4        6.84695495009563E-05
25.5        6.74805916438082E-05
25.6        6.65193316687268E-05
25.7        6.55985566142912E-05
25.8        0.000064694
25.9        6.38058821349672E-05
26      0.000062947
26.1        6.20927835008624E-05
26.2        6.12684282325844E-05
26.3        6.04491102287983E-05
26.4        5.96476578624125E-05
26.5        5.88643474856027E-05
26.6        5.80739055782306E-05
26.7        0.000057302
26.8        0.000056536
26.9        0.000055776
27      5.50223278253062E-05
27.1        0.000054275
27.2        0.000053521
27.3        5.27736655604206E-05
27.4        0.000052033
27.5        5.12859398548842E-05
27.6        5.05325627326812E-05
27.7        4.97993776064622E-05
27.8        4.90467381910044E-05
27.9        4.8301220648661E-05
28      4.75495706129658E-05
28.1        4.68052341007517E-05
28.2        4.60548685934139E-05
28.3        0.000045312
28.4        4.45632213169142E-05
28.5        4.38085167581145E-05
28.6        4.30615592446887E-05
28.7        4.23087866444682E-05
28.8        0.000041564
28.9        4.08134036516887E-05
29      0.000040071
29.1        0.000039323
29.2        3.85832383972735E-05
29.3        0.000037838
29.4        3.71012998118511E-05
29.5        3.63591771399816E-05
29.6        3.56257483173328E-05
29.7        3.49011506818289E-05
29.8        3.41855213457779E-05
29.9        3.34647750206875E-05
30      3.27531842367699E-05
30.1        3.20508855515959E-05
30.2        0.000031358
30.3        3.06747095539204E-05
30.4        3.00011041986764E-05
30.5        2.93228544320593E-05
30.6        0.000028669
30.7        2.80107132185603E-05
30.8        2.73771777063379E-05
30.9        2.67393667235949E-05
31      2.61266754105693E-05
31.1        2.55246290069161E-05
31.2        2.4918581756799E-05
31.3        2.4338184196821E-05
31.4        2.37688327002622E-05
31.5        2.32106604762493E-05
31.6        2.26787502211784E-05
31.7        2.21433775661091E-05
31.8        2.16195822648704E-05
31.9        2.11225733049767E-05
32      2.06374903676769E-05
32.1        2.01493037570877E-05
32.2        1.96884251101886E-05
32.3        1.92398664260213E-05
32.4        0.000018819
32.5        1.83955614363988E-05
32.6        1.79847882486387E-05
32.7        1.75868565199661E-05
32.8        1.72173514078525E-05
32.9        1.68455333452558E-05
33      1.65024841313678E-05
33.1        1.61572963069853E-05
33.2        1.58412182965571E-05
33.3        1.55231751213444E-05
33.4        0.000015222
33.5        1.49347467655189E-05
33.6        1.46599135312553E-05
33.7        0.000014396
33.8        1.41432550882653E-05
33.9        1.3901633936694E-05
34      1.36712871660458E-05
34.1        1.34507166856946E-05
34.2        0.00001324
34.3        1.30376521268769E-05
34.4        1.28469389104324E-05
34.5        1.26631242967248E-05
34.6        1.24895120064834E-05
34.7        1.23229415241739E-05
34.8        1.21634760167528E-05
34.9        1.2011178508968E-05
35      1.18661118827276E-05
35.1        1.17266983199053E-05
35.2        1.15946328269926E-05
35.3        1.14666804766743E-05
35.4        1.13445319733244E-05
35.5        1.12282373490492E-05
35.6        1.11145247849078E-05
35.7        1.10050847122271E-05
35.8        0.0000109
35.9        1.0799172299782E-05
36      1.0699420820667E-05
36.1        1.06023944955901E-05
36.2        1.05098035996084E-05
36.3        1.04166180559013E-05
36.4        1.03262250694704E-05
36.5        0.000010237
36.6        1.01488135560999E-05
36.7        1.00618209643479E-05
36.8        0.000009976
36.9        9.88961366004816E-06
37      9.80441675516368E-06
37.1        0.000009717
37.2        9.63070580998074E-06
37.3        9.54391465382962E-06
37.4        9.45832818505075E-06
37.5        9.37048542842899E-06
37.6        9.28037545452468E-06
37.7        9.1914769195946E-06
37.8        9.1003051655797E-06
37.9        9.00860198231825E-06
38      8.91636833078692E-06
38.1        8.82184467926248E-06
38.2        0.000008725
38.3        8.6294209276443E-06
38.4        8.52974276180095E-06
38.5        8.43129172817699E-06
38.6        8.33052048932689E-06
38.7        8.22741839138898E-06
38.8        8.12376261614908E-06
38.9        8.01776253935527E-06
39      0.000007913
39.1        7.80408552764775E-06
39.2        7.69641075103966E-06
39.3        7.586372765228E-06
39.4        7.47577209437328E-06
39.5        7.3646098457626E-06
39.6        7.25106845221574E-06
39.7        7.13878254838198E-06
39.8        7.02411207207605E-06
39.9        6.91070700448417E-06
40      6.79491197248713E-06
40.1        6.68039225936975E-06
40.2        6.56531882972356E-06
40.3        6.44969281749818E-06
40.4        6.33536456151049E-06
40.5        6.21864058944641E-06
40.6        6.10508100372561E-06
40.7        5.98912795901217E-06
40.8        5.87636423804395E-06
40.9        5.76307739050314E-06
41      5.6492685221233E-06
41.1        5.53681435638111E-06
41.2        5.42760662208924E-06
41.3        0.000005316
41.4        5.20770355523846E-06
41.5        5.10079152381601E-06
41.6        4.99529570000887E-06
41.7        4.88933025831855E-06
41.8        4.78669972117678E-06
41.9        4.68552192122729E-06
42      4.58580896916637E-06
42.1        4.48757294353773E-06
42.2        4.39082589061482E-06
42.3        4.29750006559958E-06
42.4        4.20569457091152E-06
42.5        4.11542133774577E-06
42.6        4.02669226451431E-06
42.7        3.94145414758262E-06
42.8        3.857791203978E-06
42.9        3.77571521536816E-06
43      3.69523793012943E-06
43.1        3.61832058941124E-06
43.2        0.000003543
43.3        3.47134242978326E-06
43.4        3.40131208130054E-06
43.5        0.000003333
43.6        3.26824467938033E-06
43.7        3.20326657981789E-06
43.8        0.000003142
43.9        3.0843744970395E-06
44      3.02654077610671E-06
44.1        2.97243971857865E-06
44.2        2.92010416034589E-06
44.3        2.86954533372135E-06
44.4        2.82277073775927E-06
44.5        2.77580248686995E-06
44.6        2.73264785519577E-06
44.7        2.6893146628452E-06
44.8        2.64982431228973E-06
44.9        2.61218439797717E-06
45      2.57438834039352E-06
45.1        2.54047864209174E-06
45.2        2.50642759906267E-06
45.3        2.47629171873152E-06
45.4        0.000002446
45.5        2.41767534290731E-06
45.6        2.38920242911828E-06
45.7        2.36469481776559E-06
45.8        2.34008259676547E-06
45.9        2.3174150116325E-06
46      2.29465024253335E-06
46.1        2.27384443821081E-06
46.2        2.25294881553085E-06
46.3        0.000002234
46.4        0.000002215
46.5        0.000002198
46.6        2.1809110827663E-06
46.7        2.16374316195384E-06
46.8        2.14858027101631E-06
46.9        2.13334946053789E-06
47      2.11805089089053E-06
47.1        2.10477486669847E-06
47.2        2.0906007682793E-06
47.3        0.000002077
47.4        2.06353325081084E-06
47.5        2.05022411780113E-06
47.6        2.03706627267377E-06
47.7        2.02384982658451E-06
47.8        2.01078629232495E-06
47.9        1.99787681346789E-06
48      1.98469844919179E-06
48.1        1.97146271135942E-06
48.2        1.9581697396959E-06
48.3        1.94460663671955E-06
48.4        0.000001931
48.5        1.91709402778326E-06
48.6        1.9029301191243E-06
48.7        1.88849335014143E-06
48.8        1.87378288299514E-06
48.9        1.85879788410347E-06
49      1.84332218277468E-06
49.1        1.82778531021571E-06
49.2        1.81175543772515E-06
49.3        1.79544709219124E-06
49.4        1.7786428199713E-06
49.5        1.76155781091096E-06
49.6        1.74419126545141E-06
49.7        1.72654238837203E-06
49.8        1.70839245380068E-06
49.9        1.68973971153375E-06
50      0.000001671
50.1        1.65179443163142E-06
50.2        1.63228177335424E-06
50.3        1.61248083347086E-06
50.4        1.59239085139037E-06
50.5        0.000001572
50.6        1.55134074036548E-06
50.7        1.53037911235625E-06
50.8        1.50912544403745E-06
50.9        1.48780042881131E-06
51      1.46618252862946E-06
51.1        1.44449307086131E-06
51.2        1.42250989460938E-06
51.3        1.40045495852782E-06
51.4        1.37832847600034E-06
51.5        1.35613066083314E-06
51.6        1.33386172725379E-06
51.7        1.31152188991014E-06
51.8        1.28911136386922E-06
51.9        1.26685490465598E-06
52      1.24452880229053E-06
52.1        1.22235842455161E-06
52.2        1.20011944402115E-06
52.3        0.000001178
52.4        1.15611473285118E-06
52.5        1.13435125137275E-06
52.6        1.11274851252301E-06
52.7        1.09130763154238E-06
52.8        0.00000107
52.9        1.0489158853672E-06
53      1.02819511196208E-06
53.1        1.00786939836665E-06
53.2        9.87712256853684E-07
53.3        9.67724775810549E-07
53.4        9.4813711376017E-07
53.5        0.000000929
53.6        9.10169122155991E-07
53.7        8.91562748246025E-07
53.8        8.73363439373132E-07
53.9        8.5580368685168E-07
54      8.38424615426168E-07
54.1        8.2145840626437E-07
54.2        8.04906975752713E-07
54.3        7.88772232118666E-07
54.4        7.73288085038653E-07
54.5        0.000000758
54.6        7.43119670299335E-07
54.7        7.28903757506328E-07
54.8        7.14881359962834E-07
54.9        7.01520375909635E-07
55      6.88356040018028E-07
55.1        6.75857381391993E-07
55.2        6.63792780822144E-07
55.3        6.51929470404981E-07
55.4        6.40738164736595E-07
55.5        0.00000063
55.6        6.19440424947093E-07
55.7        6.09572737096904E-07
55.8        5.99913923091738E-07
55.9        5.90701197285382E-07
56      5.81936326407645E-07
56.1        5.73621068704974E-07
56.2        5.65757173923042E-07
56.3        5.58108991119636E-07
56.4        5.50677424630478E-07
56.5        5.43701318262279E-07
56.6        5.37182391930138E-07
56.7        5.30883864666797E-07
56.8        0.000000525
56.9        5.19429611427413E-07
57      0.000000514
57.1        5.08869667225596E-07
57.2        5.03927228582885E-07
57.3        4.9945108041996E-07
57.4        4.95202494946059E-07
57.5        4.90941663202552E-07
57.6        4.87150477559043E-07
57.7        4.83348196810084E-07
57.8        4.79776316567446E-07
57.9        4.76435670422262E-07
58      4.73085100351179E-07
58.1        4.70209142051374E-07
58.2        4.67081865323876E-07
58.3        4.64430841446102E-07
58.4        4.6152855805195E-07
58.5        4.58860857058891E-07
58.6        4.5642854809655E-07
58.7        0.000000454
58.8        4.51541093981444E-07
58.9        4.49085999315588E-07
59      4.46867951078271E-07
59.1        4.44398048708682E-07
59.2        4.42165754622367E-07
59.3        4.3992650090673E-07
59.4        4.37434698946981E-07
59.5        4.35181342388025E-07
59.6        4.32921096757929E-07
59.7        4.30653985403421E-07
59.8        4.28133411080503E-07
59.9        4.25852388147194E-07
60      4.23317449987534E-07
60.1        4.2077524298316E-07
60.2        4.18225792927526E-07
60.3        4.15421260940106E-07
60.4        4.12857155765592E-07
60.5        0.00000041
60.6        4.07210273104157E-07
60.7        4.04375416815454E-07
60.8        4.01283898338603E-07
60.9        3.98184350415374E-07
61      3.95076803712356E-07
61.1        3.91711472950731E-07
61.2        3.88587780371402E-07
61.3        3.85205885820225E-07
61.4        3.81565103222428E-07
61.5        3.78166297936235E-07
61.6        3.74508196109971E-07
61.7        3.70590120963288E-07
61.8        3.66914367268807E-07
61.9        0.000000363
62      0.000000359
62.1        3.55078766773444E-07
62.2        3.5086307507129E-07
62.3        3.46890598297606E-07
62.4        3.42656305163377E-07
62.5        3.38412655723313E-07
62.6        3.34159690607422E-07
62.7        3.29643878285214E-07
62.8        3.2537217568676E-07
62.9        3.20837252483689E-07
63      3.16292724052164E-07
63.1        3.11738633609773E-07
63.2        3.07175024429368E-07
63.3        3.02601939838849E-07
63.4        0.000000298
63.5        2.93427518012966E-07
63.6        2.88826267706636E-07
63.7        2.84215715847816E-07
63.8        2.79595906036307E-07
63.9        0.000000275
64      2.70328687222777E-07
64.1        2.65681365688035E-07
64.2        0.000000261
64.3        2.56539509066078E-07
64.4        0.000000252
64.5        2.47491055553101E-07
64.6        0.000000243
64.7        2.38614388870216E-07
64.8        2.34215081061177E-07
64.9        2.29885028003355E-07
65      2.25598598570209E-07
65.1        2.21381843208993E-07
65.2        2.17209086308668E-07
65.3        2.13080492750775E-07
65.4        0.000000209
65.5        2.05060318132332E-07
65.6        2.01169227406366E-07
65.7        1.97323114655568E-07
65.8        1.93574196354758E-07
65.9        1.89870655531505E-07
66      1.86264787798184E-07
66.1        1.82756870792286E-07
66.2        1.79321070634952E-07
66.3        0.000000176
66.4        1.72692823835597E-07
66.5        1.69500840165755E-07
66.6        1.66381859202757E-07
66.7        1.63388507286442E-07
66.8        1.60442422116372E-07
66.9        1.57622495048966E-07
67      1.54850242396592E-07
67.1        1.52204669834809E-07
67.2        1.49607173238055E-07
67.3        1.47136871633317E-07
67.4        1.4471504140789E-07
67.5        1.42394549492444E-07
67.6        1.40175647175562E-07
67.7        0.000000138
67.8        1.35937921514091E-07
67.9        1.33945880976364E-07
68      1.32056304131492E-07
68.1        1.30216478398191E-07
68.2        1.28453029063331E-07
68.3        1.26792654380807E-07
68.4        1.25182525870364E-07
68.5        1.23622769153528E-07
68.6        1.22166647935973E-07
68.7        1.20761219516963E-07
68.8        1.19406606168009E-07
68.9        1.1812955294715E-07
69      1.16903592291494E-07
69.1        1.15755502842244E-07
69.2        1.14632101562078E-07
69.3        1.13586842246297E-07
69.4        1.12566468927639E-07
69.5        1.11624504151696E-07
69.6        1.10707619666418E-07
69.7        1.09815876560807E-07
69.8        0.000000109
69.9        1.08188454108131E-07
70      1.07426180817897E-07
70.1        1.0668935629017E-07
70.2        0.000000106
70.3        1.05319152950782E-07
70.4        1.0465903872269E-07
70.5        0.000000104
70.6        1.03415902212669E-07
70.7        1.0283299196648E-07
70.8        1.02248977429187E-07
70.9        1.01690830855615E-07
71      1.01158606809003E-07
71.1        1.00598361318761E-07
71.2        1.00064081551073E-07
71.3        9.95558210999998E-08
71.4        0.000000099
71.5        9.85093180849264E-08
71.6        0.000000098
71.7        9.74588933253751E-08
71.8        9.69457782007297E-08
71.9        9.64045879540575E-08
72      9.58895634729569E-08
72.1        9.53464431837174E-08
72.2        9.4802358032048E-08
72.3        9.42301263153347E-08
72.4        9.36841121946556E-08
72.5        9.31099320196818E-08
72.6        9.25075462118492E-08
72.7        9.19041627040917E-08
72.8        9.12997873113894E-08
72.9        9.06944258539084E-08
73      9.00607930075741E-08
73.1        8.9398850960955E-08
73.2        8.87358825671662E-08
73.3        8.80718941656875E-08
73.4        8.73795432615534E-08
73.5        8.66587935610167E-08
73.6        8.59369864611345E-08
73.7        8.52141288226465E-08
73.8        8.44628223132162E-08
73.9        8.37104512407652E-08
74      8.29295898551499E-08
74.1        8.21202041465533E-08
74.2        8.13371810582761E-08
74.3        8.04981475668199E-08
74.4        7.96854919936449E-08
74.5        7.8844261159048E-08
74.6        0.000000078
74.7        7.71309995580301E-08
74.8        7.62589583807382E-08
74.9        7.53858213999012E-08
75      7.44840305466153E-08
75.1        7.35811345202614E-08
75.2        7.26771417740427E-08
75.3        7.1772060767156E-08
75.4        7.08658999647483E-08
75.5        6.99310380322508E-08
75.6        0.000000069
75.7        6.80857142518784E-08
75.8        6.71476275330053E-08
75.9        6.62361583208398E-08
76      6.52959692285319E-08
76.1        6.43547359397758E-08
76.2        6.34401824579555E-08
76.3        6.24968989423799E-08
76.4        6.15803363459436E-08
76.5        6.06627879574404E-08
76.6        5.97442623102628E-08
76.7        5.88247679431894E-08
76.8        5.79043134003409E-08
76.9        0.000000057
77      5.61161736231818E-08
77.1        5.52485502703506E-08
77.2        5.43522151145005E-08
77.3        5.34828254257561E-08
77.4        5.26404223380599E-08
77.5        5.17971835535062E-08
77.6        0.000000051
77.7        5.01361145658476E-08
77.8        4.93183212171759E-08
77.9        4.85276499205115E-08
78      4.77362236266725E-08
78.1        0.000000047
78.2        4.62070084352006E-08
78.3        4.54692749137832E-08
78.4        4.47308559425322E-08
78.5        0.000000044
78.6        4.3335919136382E-08
78.7        4.2651487452813E-08
78.8        0.000000042
78.9        4.13367843441367E-08
79      4.06785483915115E-08
79.1        4.00757810083914E-08
79.2        3.94724758779401E-08
79.3        3.88966823399141E-08
79.4        3.83203807084832E-08
79.5        3.77716384607629E-08
79.6        3.72224169310996E-08
79.7        3.67008013918845E-08
79.8        3.62068236181158E-08
79.9        3.57124169853898E-08
80      3.52175860759E-08
80.1        3.47785659768832E-08
80.2        3.43391649836179E-08
80.3        3.38993871714833E-08
80.4        3.34873772710027E-08
80.5        3.30750153003619E-08
80.6        3.26904622433802E-08
80.7        3.23337463001703E-08
80.8        0.000000032
80.9        3.1619392163627E-08
81      3.12899497462059E-08
81.1        0.000000031
81.2        3.06584235710911E-08
81.3        3.03563611598044E-08
81.4        3.00540398945519E-08
81.5        2.97796897784269E-08
81.6        2.95051011324682E-08
81.7        2.92585183235053E-08
81.8        0.000000029
81.9        2.87646978238574E-08
82      2.85457278274749E-08
82.1        2.83265595140817E-08
82.2        2.80958841844812E-08
82.3        2.78876361101105E-08
82.4        2.76820302443129E-08
82.5        2.74847298731876E-08
82.6        2.72900820891641E-08
82.7        2.71037526047228E-08
82.8        2.69200857103237E-08
82.9        2.67419172455698E-08
83      2.65664197683119E-08
83.1        2.63935967602088E-08
83.2        2.62262857005087E-08
83.3        2.60588224605383E-08
83.4        2.58940438199326E-08
83.5        2.57319530561678E-08
83.6        2.55697170431924E-08
83.7        2.54101741998919E-08
83.8        2.52504902236885E-08
83.9        2.50935045916949E-08
84      2.49335433411316E-08
84.1        2.47762844512E-08
84.2        2.46160518464152E-08
84.3        2.44556855347836E-08
84.4        2.42951870067573E-08
84.5        2.41345577533665E-08
84.6        0.000000024
84.7        2.38072290863815E-08
84.8        2.36433732552126E-08
84.9        2.34765488988125E-08
85      2.33067562108508E-08
85.1        2.31339954374504E-08
85.2        0.000000023
85.3        2.27852600846377E-08
85.4        2.26092878894368E-08
85.5        2.2427505287701E-08
85.6        2.22456031616948E-08
85.7        2.20607370112237E-08
85.8        2.18729073977384E-08
85.9        2.16821149351662E-08
86      2.14883602899137E-08
86.1        2.12944917994561E-08
86.2        2.10976632928166E-08
86.3        2.08978755678502E-08
86.4        2.06951294748933E-08
86.5        2.04894259167638E-08
86.6        2.02836150712755E-08
86.7        2.00748493132526E-08
86.8        1.98631296769452E-08
86.9        1.96513073299115E-08
87      1.94365338680458E-08
87.1        1.92188104570041E-08
87.2        0.000000019
87.3        1.8780220920019E-08
87.4        1.85593583239687E-08
87.5        1.83384034134919E-08
87.6        1.81145064346376E-08
87.7        1.78905207777382E-08
87.8        1.76635963082507E-08
87.9        1.74394392633974E-08
88      1.72123471486799E-08
88.1        0.000000017
88.2        1.67579225916985E-08
88.3        1.65334473641435E-08
88.4        1.63060446690365E-08
88.5        1.60814228252577E-08
88.6        1.58538773646743E-08
88.7        1.5631970751926E-08
88.8        1.54071446340314E-08
88.9        1.51851083441026E-08
89      0.000000015
89.1        1.47437065863287E-08
89.2        1.45271994022748E-08
89.3        1.43106368460985E-08
89.4        1.40968750931924E-08
89.5        1.38859162781426E-08
89.6        1.36749081926009E-08
89.7        1.34695614149168E-08
89.8        1.32641693248478E-08
89.9        1.30644425342896E-08
90      1.2864674216339E-08
90.1        1.26705749469093E-08
90.2        1.24792921287951E-08
90.3        1.22908274808315E-08
90.4        1.21051826698416E-08
90.5        1.19252135982301E-08
90.6        1.17480674535553E-08
90.7        1.15737457205007E-08
90.8        1.14051039618288E-08
90.9        1.12392892882838E-08
91      1.10791569840567E-08
91.1        1.09218541433979E-08
91.2        1.07702357371678E-08
91.3        1.06214488778474E-08
91.4        1.04783481882149E-08
91.5        1.03380808337092E-08
91.6        1.02035010542809E-08
91.7        1.00746092917543E-08
91.8        9.94855284309944E-09
91.9        9.82818529587289E-09
92      9.71065408683168E-09
92.1        9.5988123338781E-09
92.2        9.49266001007133E-09
92.3        9.38934481395399E-09
92.4        9.29171908083747E-09
92.5        9.19693073588839E-09
92.6        9.10783155799212E-09
92.7        0.000000009
92.8        8.94099645070049E-09
92.9        8.86611103124987E-09
93      8.79121151860679E-09
93.1        8.72484957144692E-09
93.2        8.65847327204819E-09
93.3        8.5977827790672E-09
93.4        8.53992748032137E-09
93.5        8.48775623460855E-09
93.6        8.4355699551466E-09
93.7        8.38906627161706E-09
93.8        8.34539546787303E-09
93.9        8.30455697222806E-09
94      8.26939774976738E-09
94.1        8.23422159978911E-09
94.2        8.2018757223085E-09
94.3        8.17235933775038E-09
94.4        8.14567161458962E-09
94.5        8.12181166936087E-09
94.6        8.09793319309429E-09
94.7        8.07688137106827E-09
94.8        8.05865519003201E-09
94.9        0.000000008
95      0.000000008
95.1        0.000000008
95.2        0.000000008
95.3        0.000000008
95.4        0.000000008
95.5        0.000000008
95.6        0.000000008
95.7        0.000000008
95.8        7.94918338230228E-09
95.9        7.94209560315618E-09
96      7.93782467915073E-09
96.1        7.93069215971095E-09
96.2        7.92637554940666E-09
96.3        7.91919848015453E-09
96.4        7.91483633973737E-09
96.5        7.91045121542815E-09
96.6        7.90320739782871E-09
96.7        7.89877697001984E-09
96.8        7.89148907237834E-09
96.9        7.88417950159542E-09
97      7.8768483144147E-09
97.1        7.86666277585732E-09
97.2        7.85928914185943E-09
97.3        7.84906251852823E-09
97.4        7.83598486108463E-09
97.5        7.82571873254054E-09
97.6        7.81260303563786E-09
97.7        7.7966398291103E-09
97.8        7.7834878279189E-09
97.9        7.76466225998176E-09
98      7.74864816682646E-09
98.1        7.7269648828734E-09
98.2        7.70809339488141E-09
98.3        7.6835572469723E-09
98.4        7.66183326787197E-09
98.5        7.63444931455059E-09
98.6        7.6098779544865E-09
98.7        7.57965146059176E-09
98.8        7.54941687865455E-09
98.9        7.51635407687863E-09
99      7.48328525516894E-09
99.1        7.44739185667616E-09
99.2        7.41149459205324E-09
99.3        7.37277651367103E-09
99.4        7.3312403504924E-09
99.5        7.28688888285596E-09
99.6        7.24253976552222E-09
99.7        7.19819339045928E-09
99.8        7.14822384192304E-09
99.9        7.09826120922622E-09
100     0.000000007
100.1       0.000000007
100.2       6.93999009844049E-09
100.3       6.88163571093624E-09
100.4       6.82610376116381E-09
100.5       6.76497094650221E-09
100.6       6.703855473613E-09
100.7       6.63995266848235E-09
100.8       6.57607014312671E-09
100.9       6.51220846749111E-09
101     6.44556579142347E-09
101.1       6.37614553446284E-09
101.2       6.30675167850797E-09
101.3       6.23738484386571E-09
101.4       6.16524708181308E-09
101.5       6.09313954916243E-09
101.6       0.000000006
101.7       5.94622216144871E-09
101.8       5.87141561519583E-09
101.9       5.79664392226234E-09
102     5.72190775232018E-09
102.1       5.64720777477142E-09
102.2       5.56975420072849E-09
102.3       5.4951296671703E-09
102.4       5.41775499570701E-09
102.5       5.34320861437177E-09
102.6       5.26591558651461E-09
102.7       5.19145006331495E-09
102.8       5.11424141771724E-09
102.9       0.000000005
103     0.000000005
103.1       4.89122291419685E-09
103.2       4.81696966642928E-09
103.3       4.74553907409512E-09
103.4       4.67137382015901E-09
103.5       4.60003024501201E-09
103.6       4.53150552704019E-09
103.7       4.46024921998245E-09
103.8       4.39181069021033E-09
103.9       4.32618701385929E-09
104     4.25783476751935E-09
104.1       4.19229619162163E-09
104.2       4.12956826019531E-09
104.3       4.06688131049372E-09
104.4       0.000000004
104.5       3.94439671931848E-09
104.6       3.88736057836435E-09
104.7       3.82760101769704E-09
104.8       3.77340339768368E-09
104.9       3.71648337704502E-09
105     3.66511868555225E-09
105.1       3.61378907446406E-09
105.2       3.56249500203047E-09
105.3       3.51399083756644E-09
105.4       3.46552050026961E-09
105.5       3.41983569820712E-09
105.6       3.37693287240298E-09
105.7       3.33405980682766E-09
105.8       3.29121688293606E-09
105.9       3.25115038601095E-09
106     3.21385660563046E-09
106.1       3.17658861298374E-09
106.2       3.14208852611944E-09
106.3       3.11035250877788E-09
106.4       3.07863767298528E-09
106.5       0.000000003
106.6       0.000000003
106.7       0.000000003
106.8       0.000000003
106.9       2.94497802418492E-09
107     2.92430489993793E-09
107.1       2.90364319494773E-09
107.2       2.88572061259275E-09
107.3       2.87053291577518E-09
107.4       2.85535124572581E-09
107.5       2.84289881473321E-09
107.6       2.83317126107601E-09
107.7       2.8234440922624E-09
107.8       2.81643595509561E-09
107.9       2.81214236353859E-09
108     2.8078432661844E-09
108.1       2.80625267008455E-09
108.2       2.80736596520172E-09
108.3       2.80846761590372E-09
108.4       2.81226691535512E-09
108.5       2.81875912984122E-09
108.6       2.82523331407485E-09
108.7       2.83439397333162E-09
108.8       2.84623625054975E-09
108.9       2.85805386523573E-09
109     2.87254646090937E-09
109.1       2.88970905749959E-09
109.2       2.90684011363144E-09
109.3       2.92663433733931E-09
109.4       2.949086625888E-09
109.5       0.000000003
109.6       0.000000003
109.7       0.000000003
109.8       0.000000003
109.9       3.07418821251514E-09
110     3.10176319108335E-09
110.1       3.13197284806968E-09
110.2       3.16213201510681E-09
110.3       3.1949184586714E-09
110.4       3.22765038343245E-09
110.5       3.26032747796399E-09
110.6       3.29562227970811E-09
110.7       3.3281870292896E-09
110.8       3.36336534564046E-09
110.9       3.40115161552073E-09
111     3.43620858910381E-09
111.1       3.47120527006586E-09
111.2       3.50880354300842E-09
111.3       3.54367683825198E-09
111.4       3.58114744292842E-09
111.5       3.61589598852574E-09
111.6       3.65323753002987E-09
111.7       3.68785996484829E-09
111.8       3.72507105112722E-09
111.9       3.75956601685717E-09
112     3.79399766790372E-09
112.1       3.82836567381764E-09
112.2       3.86266970450189E-09
112.3       3.89690943021338E-09
112.4       3.92844443793696E-09
112.5       0.000000004
112.6       0.000000004
112.7       0.000000004
112.8       4.05133728090211E-09
112.9       4.07993480828737E-09
113     4.10847352851607E-09
113.1       4.13432652576702E-09
113.2       4.16274874830309E-09
113.3       4.18586588998093E-09
113.4       4.2115517486714E-09
113.5       4.23456260961403E-09
113.6       4.25752096633009E-09
113.7       4.28042658963248E-09
113.8       4.30066645204208E-09
113.9       4.32085714102998E-09
114     4.33838967898351E-09
114.1       4.35848343251902E-09
114.2       4.3759226919466E-09
114.3       4.39071337504853E-09
114.4       4.40546207435417E-09
114.5       4.42016863414328E-09
114.6       4.43483289891134E-09
114.7       4.44686027913506E-09
114.8       4.45625685986662E-09
114.9       4.4682093062378E-09
115     4.47753488256177E-09
115.1       4.48423976909792E-09
115.2       4.4909141487246E-09
115.3       4.49755793819981E-09
115.4       4.50417105442617E-09
115.5       4.50817584107162E-09
115.6       4.50957864424462E-09
115.7       4.51095913682193E-09
115.8       4.51231728326668E-09
115.9       4.51108409364095E-09
116     4.50983283565464E-09
116.1       4.50599889936552E-09
116.2       4.50215125093582E-09
116.3       4.49828990207425E-09
116.4       4.49185685948599E-09
116.5       4.48285877477145E-09
116.6       4.47640948769537E-09
116.7       4.46484834456411E-09
116.8       4.45328701071487E-09
116.9       4.4417255678931E-09
117     4.42761948890196E-09
117.1       4.41351798397212E-09
117.2       4.3968810764359E-09
117.3       4.38025350315387E-09
117.4       4.36363539198738E-09
117.5       4.34449363825752E-09
117.6       4.32536619896336E-09
117.7       4.30372459692771E-09
117.8       4.28210223822672E-09
117.9       4.2604992963374E-09
118     4.2363942813163E-09
118.1       4.21483302973438E-09
118.2       4.19077474028541E-09
118.3       4.16422664243583E-09
118.4       4.14022055090778E-09
118.5       4.11372977706267E-09
118.6       4.08726916867526E-09
118.7       4.06083894368367E-09
118.8       0.000000004
118.9       0.000000004
119     0.000000004
119.1       0.000000004
119.2       3.93164429807447E-09
119.3       3.90539850919997E-09
119.4       3.88167286724868E-09
119.5       3.85797444939835E-09
119.6       3.83430344885721E-09
119.7       3.81066005863092E-09
119.8       3.78704447152157E-09
119.9       3.76593283860055E-09
120     3.74484443117312E-09
120.1       3.72377941884402E-09
120.2       3.70520646302159E-09
120.3       3.68665223324529E-09
120.4       3.67058035282036E-09
120.5       3.65452245367813E-09
120.6       3.64093709113831E-09
120.7       3.6249049919849E-09
120.8       3.6137939504235E-09
120.9       3.60268718203026E-09
121     3.5915847653754E-09
121.1       3.58293246665986E-09
121.2       3.57427953439184E-09
121.3       3.56806656266162E-09
121.4       3.56184789754663E-09
121.5       3.55805893142797E-09
121.6       3.55425913783124E-09
121.7       3.55287867789403E-09
121.8       3.55148218240742E-09
121.9       3.55006964083873E-09
122     3.55106332329527E-09
122.1       3.55203566329307E-09
122.2       3.55540362611085E-09
122.3       3.55874487676943E-09
122.4       3.56205936099454E-09
122.5       3.56775604290172E-09
122.6       3.57342050124098E-09
122.7       3.58145632212181E-09
122.8       3.58945438964431E-09
122.9       3.59741460636512E-09
123     3.60533687503798E-09
123.1       3.61561396026899E-09
123.2       3.62584746695015E-09
123.3       3.63603727660948E-09
123.4       3.64856795594587E-09
123.5       3.66104922182067E-09
123.6       3.67348093471548E-09
123.7       3.68823939829086E-09
123.8       3.70056882592494E-09
123.9       3.71759010051736E-09
124     3.73218201870588E-09
124.1       3.74908345414666E-09
124.2       3.7659233137136E-09
124.3       3.78270141667453E-09
124.4       3.80177454143645E-09
124.5       3.82077992474694E-09
124.6       3.839717365408E-09
124.7       3.8609351633074E-09
124.8       3.88207894996014E-09
124.9       3.90314850389156E-09
125     3.92648358233984E-09
125.1       3.94973827625298E-09
125.2       0.000000004
125.3       0.000000004
125.4       0.000000004
125.5       4.05125091009834E-09
125.6       4.07873398782245E-09
125.7       4.10612361982428E-09
125.8       4.13341952496583E-09
125.9       4.16293545012911E-09
126     4.19466235899292E-09
126.1       4.223974807664E-09
126.2       4.25549177372438E-09
126.3       4.28920413822882E-09
126.4       4.32050401377374E-09
126.5       4.35399274088007E-09
126.6       4.38736766956163E-09
126.7       4.42062846081101E-09
126.8       4.45606228258004E-09
126.9       4.48909080283703E-09
127     4.52428570152472E-09
127.1       4.55935911512836E-09
127.2       4.5943106871359E-09
127.3       4.63141258999271E-09
127.4       4.66611639567858E-09
127.5       4.70069728752923E-09
127.6       4.73741837022101E-09
127.7       4.77174933694059E-09
127.8       4.80595632398472E-09
127.9       4.84229330628642E-09
128     4.8762482223209E-09
128.1       4.91007809928856E-09
128.2       4.94378258778112E-09
128.3       0.000000005
128.4       0.000000005
128.5       0.000000005
128.6       5.0773396939909E-09
128.7       5.11041202416526E-09
128.8       5.14113032312714E-09
128.9       5.17395048838534E-09
129     5.20442218602365E-09
129.1       5.23698883894716E-09
129.2       5.26721261775992E-09
129.3       5.29731351788227E-09
129.4       5.32729121880141E-09
129.5       5.35714540070528E-09
129.6       5.38687574448422E-09
129.7       5.41648193173271E-09
129.8       5.44596364475094E-09
129.9       5.47532056654654E-09
130     5.5045523808362E-09
130.1       5.5358442612938E-09
130.2       5.5648217083426E-09
130.3       5.59367309666558E-09
130.4       5.62457396350486E-09
130.5       5.65534169326041E-09
130.6       5.68380656229566E-09
130.7       5.71647641500462E-09
130.8       5.74684274563699E-09
130.9       5.77707461647654E-09
131     5.80932809374104E-09
131.1       5.84143992316645E-09
131.2       5.87340975786293E-09
131.3       5.90738383017743E-09
131.4       5.93906535272447E-09
131.5       0.000000006
131.6       0.000000006
131.7       0.000000006
131.8       6.07500807510288E-09
131.9       6.11020793382336E-09
132     6.14524971619198E-09
132.1       6.1801330439645E-09
132.2       6.2169743168954E-09
132.3       6.25153626077284E-09
132.4       6.28804869779852E-09
132.5       6.32439445701524E-09
132.6       6.35846978137779E-09
132.7       6.39448437647175E-09
132.8       6.43033112429464E-09
132.9       6.46600963480731E-09
133     6.49942967016642E-09
133.1       6.53477393456713E-09
133.2       6.56786575079739E-09
133.3       6.60287424590479E-09
133.4       6.63563634902093E-09
133.5       6.6682347477538E-09
133.6       6.70066907775993E-09
133.7       6.73087302320071E-09
133.8       6.76298156546522E-09
133.9       6.79286588970832E-09
134     6.82053598994135E-09
134.1       6.85010621633761E-09
134.2       6.87746846593041E-09
134.3       6.90467803498185E-09
134.4       6.92969285594367E-09
134.5       0.000000007
134.6       0.000000007
134.7       0.000000007
134.8       0.000000007
134.9       0.000000007
135     7.0665941265092E-09
135.1       7.08656134161236E-09
135.2       7.10639426105886E-09
135.3       7.12408244695352E-09
135.4       7.14164290100297E-09
135.5       7.15907538641612E-09
135.6       7.17438011858657E-09
135.7       7.18956352354551E-09
135.8       7.20462538486569E-09
135.9       7.21956548679309E-09
136     7.23239832785548E-09
136.1       7.24511614137022E-09
136.2       7.25771873170126E-09
136.3       7.26823137752845E-09
136.4       7.28060653584498E-09
136.5       7.2908985710027E-09
136.6       7.30108183418711E-09
136.7       7.31115615085996E-09
136.8       7.31916487424384E-09
136.9       7.32902440526351E-09
137     7.33682526598802E-09
137.1       7.34257820568427E-09
137.2       7.35017785537194E-09
137.3       7.3557365815979E-09
137.4       7.36119981858075E-09
137.5       7.36656743184026E-09
137.6       7.37183928740999E-09
137.7       7.37509164942563E-09
137.8       7.37825535073572E-09
137.9       7.37941404324992E-09
138     7.38049123246473E-09
138.1       7.3814868218919E-09
138.2       7.38049557980294E-09
138.3       7.37942996780788E-09
138.4       7.37828990806366E-09
138.5       7.37518133714965E-09
138.6       7.37011536232568E-09
138.7       7.36687617372689E-09
138.8       7.35980415752145E-09
138.9       7.35455884410207E-09
139     7.34550309220673E-09
139.1       7.33827399512767E-09
139.2       7.32912472141813E-09
139.3       7.3180665521321E-09
139.4       7.30697102944913E-09
139.5       7.29583816446756E-09
139.6       7.28281530619497E-09
139.7       7.26976270981438E-09
139.8       7.25668040378187E-09
139.9       7.24356841666703E-09
140     7.22858931164408E-09
140.1       7.21358820940475E-09
140.2       7.19856515559866E-09
140.3       7.18352019594225E-09
140.4       7.16845337621864E-09
140.5       7.15336474227745E-09
140.6       7.13825434003467E-09
140.7       7.12493287185676E-09
140.8       7.10977521901531E-09
140.9       7.09639887738819E-09
141     7.08299322031176E-09
141.1       7.07135349302753E-09
141.2       7.0596767622114E-09
141.3       0.000000007
141.4       0.000000007
141.5       0.000000007
141.6       0.000000007
141.7       0.000000007
141.8       0.000000007
141.9       0.000000007
142     0.000000007
142.1       0.000000007
142.2       0.000000007
142.3       0.000000007
142.4       0.000000007
142.5       0.000000007
142.6       0.000000007
142.7       7.05681874686667E-09
142.8       7.07007741949659E-09
142.9       7.08662917782401E-09
143     7.1030086017962E-09
143.1       7.12264887156175E-09
143.2       7.14381312099024E-09
143.3       7.16648911401512E-09
143.4       7.19236934134962E-09
143.5       7.21802799673726E-09
143.6       7.24685826128233E-09
143.7       7.27714300681191E-09
143.8       7.3071810917566E-09
143.9       7.34034158417701E-09
144     7.37491927193474E-09
144.1       7.41090166619363E-09
144.2       7.44827624904132E-09
144.3       7.48703047361506E-09
144.4       7.52715176422588E-09
144.5       7.56696700145271E-09
144.6       7.60978863494816E-09
144.7       7.65393944075615E-09
144.8       7.69775838686172E-09
144.9       7.74288923286037E-09
145     7.7893192477479E-09
145.1       7.83703567252638E-09
145.2       7.88439367858518E-09
145.3       7.93302066822169E-09
145.4       0.000000008
145.5       0.000000008
145.6       8.0847714657458E-09
145.7       8.13512683987137E-09
145.8       8.188310682752E-09
145.9       8.24109105841541E-09
146     8.29346735679719E-09
146.1       8.34862912272697E-09
146.2       8.40177812700146E-09
146.3       8.45768657129266E-09
146.4       8.5115809925126E-09
146.5       8.56820874904573E-09
146.6       8.62439557160634E-09
146.7       8.68014080948789E-09
146.8       8.73544381459106E-09
146.9       8.79186582912115E-09
147     8.84939369993054E-09
147.1       8.90490716250601E-09
147.2       0.000000009
147.3       0.000000009
147.4       9.07334889234152E-09
147.5       9.13010679320884E-09
147.6       9.18485953601646E-09
147.7       9.23914745840581E-09
147.8       9.29296991080195E-09
147.9       9.3463262463758E-09
148     9.3992158210501E-09
148.1       9.45163799350155E-09
148.2       9.50208481475609E-09
148.3       9.55056834116872E-09
148.4       9.5985995036976E-09
148.5       9.64468309488445E-09
148.6       9.69032160782478E-09
148.7       9.73402834734694E-09
148.8       9.77581549248256E-09
148.9       9.81421765217855E-09
149     9.85220652670528E-09
149.1       9.88831252601137E-09
149.2       9.9210831481556E-09
149.3       0.00000001
149.4       0.00000001
149.5       0.00000001
149.6       0.00000001
149.7       1.00516650564331E-08
149.8       1.00706626176856E-08
149.9       1.00864675723658E-08
150     1.0099105406597E-08
150.1       1.01086016606137E-08
150.2       1.0116403770212E-08
150.3       1.01211069018861E-08
150.4       1.01227367436998E-08
150.5       1.01227279064132E-08
150.6       1.01196886492175E-08
150.7       1.01136448059279E-08
150.8       1.01046222627447E-08
150.9       1.00940384714282E-08
151     1.00805192094156E-08
151.1       1.00654733157281E-08
151.2       0.00000001
151.3       0.00000001
151.4       0.00000001
151.5       0.00000001
151.6       0.00000001
151.7       9.93030285994841E-09
151.8       9.90227556259008E-09
151.9       9.87284399256782E-09
152     9.84202138450047E-09
152.1       9.80982099778769E-09
152.2       9.77625611647618E-09
152.3       9.74400052708521E-09
152.4       9.70906362298941E-09
152.5       9.67411481161653E-09
152.6       9.64047121969542E-09
152.7       9.60418195687709E-09
152.8       9.56919815838423E-09
152.9       9.53420294236082E-09
153     9.49919643119678E-09
153.1       9.46417874726243E-09
153.2       9.4304404398977E-09
153.3       9.39668231770556E-09
153.4       9.36290449125511E-09
153.5       9.33038415630525E-09
153.6       9.299108058286E-09
153.7       9.26779474827539E-09
153.8       9.23770802217843E-09
153.9       9.20883456775551E-09
154     9.18116104991515E-09
154.1       9.15342381392098E-09
154.2       9.1281145513429E-09
154.3       9.10396508811063E-09
154.4       9.08096199907067E-09
154.5       9.05785947506489E-09
154.6       0.000000009
154.7       0.000000009
154.8       0.000000009
154.9       0.000000009
155     0.000000009
155.1       0.000000009
155.2       8.94499430687295E-09
155.3       8.93525814474049E-09
155.4       8.92650574681412E-09
155.5       8.9199106825566E-09
155.6       8.9142629140726E-09
155.7       8.91190509575624E-09
155.8       8.91044891322085E-09
155.9       8.91104968140597E-09
156     8.91367994050768E-09
156.1       8.91715215962419E-09
156.2       8.92376340915937E-09
156.3       8.9323215294503E-09
156.4       8.94279889876329E-09
156.5       0.000000009
156.6       0.000000009
156.7       0.000000009
156.8       0.000000009
156.9       0.000000009
157     0.000000009
157.1       9.07423710973502E-09
157.2       9.10237118226368E-09
157.3       9.13214659590873E-09
157.4       9.16353531352895E-09
157.5       9.19760525798775E-09
157.6       9.23431452096552E-09
157.7       9.27253434304158E-09
157.8       9.3133187107263E-09
157.9       9.35554797851817E-09
158     9.40133979789433E-09
158.1       9.44743310146926E-09
158.2       9.49594083911844E-09
158.3       9.5468207472865E-09
158.4       9.59897602415063E-09
158.5       9.65237818584286E-09
158.6       9.70804393951543E-09
158.7       9.7648902404347E-09
158.8       9.82288849604417E-09
158.9       9.88201008135312E-09
159     9.94325300447926E-09
159.1       0.00000001
159.2       1.00668454519745E-08
159.3       1.01271306744938E-08
159.4       1.01914477321421E-08
159.5       1.02547089182779E-08
159.6       1.03269006985094E-08
159.7       1.03880008897699E-08
159.8       1.0448042600817E-08
159.9       1.05168722436498E-08
160     1.05845482172145E-08
160.1       1.06413158713511E-08
160.2       1.07067285535951E-08
160.3       1.07709848466366E-08
160.4       1.08340838477132E-08
160.5       1.08960246610063E-08
160.6       0.000000011
160.7       0.000000011
160.8       1.10748891202558E-08
160.9       1.11321883632725E-08
161     1.11883250437377E-08
161.1       1.12432983075961E-08
161.2       1.12971073077698E-08
161.3       1.13497512041626E-08
161.4       1.13920862373105E-08
161.5       1.14424446172183E-08
161.6       1.14916354426723E-08
161.7       1.15396579014058E-08
161.8       1.1577557160963E-08
161.9       1.16232877707464E-08
162     1.16589882326064E-08
162.1       1.1693611870394E-08
162.2       1.17359226792804E-08
162.3       1.17683431838614E-08
162.4       1.17996847665049E-08
162.5       1.18299467498193E-08
162.6       1.18591284628742E-08
162.7       1.18872292412043E-08
162.8       1.19142484268134E-08
162.9       1.19401853681778E-08
163     0.000000012
163.1       0.000000012
163.2       0.000000012
163.3       0.000000012
163.4       0.000000012
163.5       0.000000012
163.6       1.20589928750962E-08
163.7       1.20683892616109E-08
163.8       1.20767934971266E-08
163.9       1.20842050675275E-08
164     1.20906234646273E-08
164.1       1.20960481861724E-08
164.2       1.21004787358451E-08
164.3       1.20961507267792E-08
164.4       1.20986393949964E-08
164.5       1.20924644434755E-08
164.6       1.20930094098978E-08
164.7       1.20849858121262E-08
164.8       1.20760612765359E-08
164.9       1.20662354168374E-08
165     1.20555078521148E-08
165.1       0.000000012
165.2       0.000000012
165.3       0.000000012
165.4       0.000000012
165.5       0.000000012
165.6       1.19436298067016E-08
165.7       1.19196821502089E-08
165.8       1.18949265072295E-08
165.9       1.18693626090237E-08
166     1.18360441563574E-08
166.1       1.18089112674757E-08
166.2       1.17741199662047E-08
166.3       1.17386161008845E-08
166.4       1.170239948878E-08
166.5       1.16587656583097E-08
166.6       1.16211714315887E-08
166.7       1.15762565031712E-08
166.8       1.15372840623847E-08
166.9       1.14910875333429E-08
167     1.14442742703375E-08
167.1       1.13968441789655E-08
167.2       1.13424321672556E-08
167.3       1.12938166994578E-08
167.4       1.12383162770505E-08
167.5       1.11822958786663E-08
167.6       1.1131926175567E-08
167.7       1.1074817144799E-08
167.8       0.000000011
167.9       0.000000011
168     1.08943936709454E-08
168.1       1.08352531138828E-08
168.2       1.07697138437281E-08
168.3       1.0709581926404E-08
168.4       1.06431488073331E-08
168.5       1.05762932121046E-08
168.6       1.05090152040183E-08
168.7       1.04469496652795E-08
168.8       1.03731922148377E-08
168.9       1.03046473727088E-08
169     1.02356803956537E-08
169.1       1.01662913593393E-08
169.2       1.00964803419061E-08
169.3       0.00000001
169.4       0.00000001
169.5       9.87402867104648E-09
169.6       9.80262846708337E-09
169.7       9.72566088911399E-09
169.8       9.64836985213839E-09
169.9       9.57075549785138E-09
170     9.49281796982625E-09
170.1       9.41455741351448E-09
170.2       9.33597397624567E-09
170.3       9.25706780722733E-09
170.4       9.17783905754476E-09
170.5       9.09353433372395E-09
170.6       0.000000009
170.7       8.92890821887716E-09
170.8       8.84848896169981E-09
170.9       8.76319089393142E-09
171     8.67766954169713E-09
171.1       8.59192511007506E-09
171.2       8.50595780542061E-09
171.3       8.41976783536624E-09
171.4       8.32904430928168E-09
171.5       8.24245886478719E-09
171.6       8.15143876856107E-09
171.7       8.06445874704389E-09
171.8       0.000000008
171.9       7.88170451159098E-09
172     7.79014343356832E-09
172.1       7.69846005384245E-09
172.2       7.60665462712458E-09
172.3       7.51472740879737E-09
172.4       7.42267865491426E-09
172.5       7.33050862219887E-09
172.6       7.23449803178101E-09
172.7       7.14213558833885E-09
172.8       0.000000007
172.9       0.000000007
173     6.86080436129658E-09
173.1       6.76453836431529E-09
173.2       6.67167490946271E-09
173.3       6.57531859650346E-09
173.4       6.48226651352424E-09
173.5       6.3890957961099E-09
173.6       6.29258139689216E-09
173.7       6.19922368061385E-09
173.8       6.10262178875353E-09
173.9       0.000000006
174     5.9154172614363E-09
174.1       5.82163932640287E-09
174.2       5.72481633823164E-09
174.3       5.63085468901992E-09
174.4       5.53677682640237E-09
174.5       5.44258301929617E-09
174.6       5.35100364117136E-09
174.7       5.25652918558321E-09
174.8       5.16193958802388E-09
174.9       5.06723512017433E-09
175     0.000000005
