//-------------------------------------------------------------
//----------- Digitisation parameter for Gadast    ------------
//-------------------------------------------------------------
[ERGadastDigiPar]
//-------------------------------------------------------------
ERGadastCsIMECount: Int_t 64
ERGadastCsILC: Float_t  \
 0.8 0.8 0.8 0.8 \
 0.8 0.8 0.8 0.8 \
 0.8 0.8 0.8 0.8 \
 0.8 0.8 0.8 0.8 \
 0.8 0.8 0.8 0.8 \
 0.8 0.8 0.8 0.8 \
 0.8 0.8 0.8 0.8 \
 0.8 0.8 0.8 0.8 \
 0.8 0.8 0.8 0.8 \
 0.8 0.8 0.8 0.8 \
 0.8 0.8 0.8 0.8 \
 0.8 0.8 0.8 0.8 \
 0.8 0.8 0.8 0.8 \
 0.8 0.8 0.8 0.8 \
 0.8 0.8 0.8 0.8 \
 0.8 0.8 0.8 0.8
ERGadastCsIDispA: Float_t  \
 0.0344 0.0344 0.0344 0.0344 \
 0.0344 0.0344 0.0344 0.0344 \
 0.0344 0.0344 0.0344 0.0344 \
 0.0344 0.0344 0.0344 0.0344 \
 0.0344 0.0344 0.0344 0.0344 \
 0.0344 0.0344 0.0344 0.0344 \
 0.0344 0.0344 0.0344 0.0344 \
 0.0344 0.0344 0.0344 0.0344 \
 0.0344 0.0344 0.0344 0.0344 \
 0.0344 0.0344 0.0344 0.0344 \
 0.0344 0.0344 0.0344 0.0344 \
 0.0344 0.0344 0.0344 0.0344 \
 0.0344 0.0344 0.0344 0.0344 \
 0.0344 0.0344 0.0344 0.0344 \
 0.0344 0.0344 0.0344 0.0344 \
 0.0344 0.0344 0.0344 0.0344
ERGadastCsIDispB: Float_t  \
 0.0106 0.0106 0.0106 0.0106 \
 0.0106 0.0106 0.0106 0.0106 \
 0.0106 0.0106 0.0106 0.0106 \
 0.0106 0.0106 0.0106 0.0106 \
 0.0106 0.0106 0.0106 0.0106 \
 0.0106 0.0106 0.0106 0.0106 \
 0.0106 0.0106 0.0106 0.0106 \
 0.0106 0.0106 0.0106 0.0106 \
 0.0106 0.0106 0.0106 0.0106 \
 0.0106 0.0106 0.0106 0.0106 \
 0.0106 0.0106 0.0106 0.0106 \
 0.0106 0.0106 0.0106 0.0106 \
 0.0106 0.0106 0.0106 0.0106 \
 0.0106 0.0106 0.0106 0.0106 \
 0.0106 0.0106 0.0106 0.0106 \
 0.0106 0.0106 0.0106 0.0106
ERGadastLaBrMECount: Int_t 4
ERGadastLaBrLC: Float_t  \
 0.8 0.8 0.8 0.8
ERGadastLaBrDispA: Float_t  \
 0.01343 0.01343 0.01343 0.01343
ERGadastLaBrDispB: Float_t  \
 0.004 0.004 0.004 0.004
