//-------------------------------------------------------------
//----------- Digitisation parameter for NeuRad    ------------
//-------------------------------------------------------------
[ERNeuRadDigiPar]
//-------------------------------------------------------------
ERNeuRadPixelQuantumEfficiency: Float_t \
0.2 0.2 0.2 0.2 0.2 0.2 0.2 0.2 0.2 0.2 0.2 0.2 0.2 0.2 0.2 0.2  \
0.2 0.2 0.2 0.2 0.2 0.2 0.2 0.2 0.2 0.2 0.2 0.2 0.2 0.2 0.2 0.2  \
0.2 0.2 0.2 0.2 0.2 0.2 0.2 0.2 0.2 0.2 0.2 0.2 0.2 0.2 0.2 0.2  \
0.2 0.2 0.2 0.2 0.2 0.2 0.2 0.2 0.2 0.2 0.2 0.2 0.2 0.2 0.2 0.2  \
0.2 0.2 0.2 0.2 0.2 0.2 0.2 0.2 0.2 0.2 0.2 0.2 0.2 0.2 0.2 0.2  \
0.2 0.2 0.2 0.2 0.2 0.2 0.2 0.2 0.2 0.2 0.2 0.2 0.2 0.2 0.2 0.2  \
0.2 0.2 0.2 0.2 0.2 0.2 0.2 0.2 0.2 0.2 0.2 0.2 0.2 0.2 0.2 0.2  \
0.2 0.2 0.2 0.2 0.2 0.2 0.2 0.2 0.2 0.2 0.2 0.2 0.2 0.2 0.2 0.2  \
0.2 0.2 0.2 0.2 0.2 0.2 0.2 0.2 0.2 0.2 0.2 0.2 0.2 0.2 0.2 0.2  \
0.2 0.2 0.2 0.2 0.2 0.2 0.2 0.2 0.2 0.2 0.2 0.2 0.2 0.2 0.2 0.2  \
0.2 0.2 0.2 0.2 0.2 0.2 0.2 0.2 0.2 0.2 0.2 0.2 0.2 0.2 0.2 0.2  \
0.2 0.2 0.2 0.2 0.2 0.2 0.2 0.2 0.2 0.2 0.2 0.2 0.2 0.2 0.2 0.2  \
0.2 0.2 0.2 0.2 0.2 0.2 0.2 0.2 0.2 0.2 0.2 0.2 0.2 0.2 0.2 0.2  \
0.2 0.2 0.2 0.2 0.2 0.2 0.2 0.2 0.2 0.2 0.2 0.2 0.2 0.2 0.2 0.2  \
0.2 0.2 0.2 0.2 0.2 0.2 0.2 0.2 0.2 0.2 0.2 0.2 0.2 0.2 0.2 0.2  \
0.2 0.2 0.2 0.2 0.2 0.2 0.2 0.2 0.2 0.2 0.2 0.2 0.2 0.2 0.2 0.2 
ERNeuRadPixelGain: Float_t \ //[mV/p.e]
5 5 5 5 5 5 5 5 5 5 5 5 5 5 5 5  \
5 5 5 5 5 5 5 5 5 5 5 5 5 5 5 5  \
5 5 5 5 5 5 5 5 5 5 5 5 5 5 5 5  \
5 5 5 5 5 5 5 5 5 5 5 5 5 5 5 5  \
5 5 5 5 5 5 5 5 5 5 5 5 5 5 5 5  \
5 5 5 5 5 5 5 5 5 5 5 5 5 5 5 5  \
5 5 5 5 5 5 5 5 5 5 5 5 5 5 5 5  \
5 5 5 5 5 5 5 5 5 5 5 5 5 5 5 5  \
5 5 5 5 5 5 5 5 5 5 5 5 5 5 5 5  \
5 5 5 5 5 5 5 5 5 5 5 5 5 5 5 5  \
5 5 5 5 5 5 5 5 5 5 5 5 5 5 5 5  \
5 5 5 5 5 5 5 5 5 5 5 5 5 5 5 5  \
5 5 5 5 5 5 5 5 5 5 5 5 5 5 5 5  \
5 5 5 5 5 5 5 5 5 5 5 5 5 5 5 5  \
5 5 5 5 5 5 5 5 5 5 5 5 5 5 5 5  \
5 5 5 5 5 5 5 5 5 5 5 5 5 5 5 5 
ERNeuRadPixelSigma: Float_t \
5 5 5 5 5 5 5 5 5 5 5 5 5 5 5 5  \
5 5 5 5 5 5 5 5 5 5 5 5 5 5 5 5  \
5 5 5 5 5 5 5 5 5 5 5 5 5 5 5 5  \
5 5 5 5 5 5 5 5 5 5 5 5 5 5 5 5  \
5 5 5 5 5 5 5 5 5 5 5 5 5 5 5 5  \
5 5 5 5 5 5 5 5 5 5 5 5 5 5 5 5  \
5 5 5 5 5 5 5 5 5 5 5 5 5 5 5 5  \
5 5 5 5 5 5 5 5 5 5 5 5 5 5 5 5  \
5 5 5 5 5 5 5 5 5 5 5 5 5 5 5 5  \
5 5 5 5 5 5 5 5 5 5 5 5 5 5 5 5  \
5 5 5 5 5 5 5 5 5 5 5 5 5 5 5 5  \
5 5 5 5 5 5 5 5 5 5 5 5 5 5 5 5  \
5 5 5 5 5 5 5 5 5 5 5 5 5 5 5 5  \
5 5 5 5 5 5 5 5 5 5 5 5 5 5 5 5  \
5 5 5 5 5 5 5 5 5 5 5 5 5 5 5 5  \
5 5 5 5 5 5 5 5 5 5 5 5 5 5 5 5 
ERNeuRadPixelCrosstalks: Float_t \
0 0 0 0 0 0.015 0 0.015 0.015 0 0 0 0.015 0 0.015 0.015 0.015 0.015 0 0 0 0.015 0 0.015 0.015 0.015 0.015 0 0 0 0.015 0 0.015 0.015 0.015 0.015 0 0 0 0.015 0 0.015 0.015 0.015 0.015 0 0 0 0.015 0 0.015 0.015 0.015 0.015 0 0 0 0.015 0 0.015 0.015 0.015 0.015 0 0 0 0.015 0 0.015 0.015 0.015 0.015 0 0 0 0.015 0 0.015 0.015 0.015 0.015 0 0 0 0.015 0 0.015 0.015 0.015 0.015 0 0 0 0.015 0 0.015 0.015 0.015 0.015 0 0 0 0.015 0 0.015 0.015 0.015 0.015 0 0 0 0.015 0 0.015 0.015 0.015 0.015 0 0 0 0.015 0 0.015 0.015 0.015 0.015 0 0 0 0.015 0 0.015 0.015 0.015 0.015 0 0 0 0.015 0 0 0.015 0.015 0  \
0 0.015 0.015 0 0 0.015 0 0.015 0.015 0.015 0.015 0.015 0.015 0 0.015 0.015 0.015 0.015 0.015 0.015 0.015 0.015 0 0.015 0.015 0.015 0.015 0.015 0.015 0.015 0.015 0 0.015 0.015 0.015 0.015 0.015 0.015 0.015 0.015 0 0.015 0.015 0.015 0.015 0.015 0.015 0.015 0.015 0 0.015 0.015 0.015 0.015 0.015 0.015 0.015 0.015 0 0.015 0.015 0.015 0.015 0.015 0.015 0.015 0.015 0 0.015 0.015 0.015 0.015 0.015 0.015 0.015 0.015 0 0.015 0.015 0.015 0.015 0.015 0.015 0.015 0.015 0 0.015 0.015 0.015 0.015 0.015 0.015 0.015 0.015 0 0.015 0.015 0.015 0.015 0.015 0.015 0.015 0.015 0 0.015 0.015 0.015 0.015 0.015 0.015 0.015 0.015 0 0.015 0.015 0.015 0.015 0.015 0.015 0.015 0.015 0 0.015 0.015 0.015 0.015 0.015 0.015 0.015 0.015 0 0.015 0.015 0.015 0.015 0.015 0.015 0 0.015 0 0 0.015 0.015 0  \
0 0.015 0.015 0 0 0.015 0 0.015 0.015 0.015 0.015 0.015 0.015 0 0.015 0.015 0.015 0.015 0.015 0.015 0.015 0.015 0 0.015 0.015 0.015 0.015 0.015 0.015 0.015 0.015 0 0.015 0.015 0.015 0.015 0.015 0.015 0.015 0.015 0 0.015 0.015 0.015 0.015 0.015 0.015 0.015 0.015 0 0.015 0.015 0.015 0.015 0.015 0.015 0.015 0.015 0 0.015 0.015 0.015 0.015 0.015 0.015 0.015 0.015 0 0.015 0.015 0.015 0.015 0.015 0.015 0.015 0.015 0 0.015 0.015 0.015 0.015 0.015 0.015 0.015 0.015 0 0.015 0.015 0.015 0.015 0.015 0.015 0.015 0.015 0 0.015 0.015 0.015 0.015 0.015 0.015 0.015 0.015 0 0.015 0.015 0.015 0.015 0.015 0.015 0.015 0.015 0 0.015 0.015 0.015 0.015 0.015 0.015 0.015 0.015 0 0.015 0.015 0.015 0.015 0.015 0.015 0.015 0.015 0 0.015 0.015 0.015 0.015 0.015 0.015 0 0.015 0 0 0.015 0.015 0  \
0 0.015 0.015 0 0 0.015 0 0.015 0.015 0.015 0.015 0.015 0.015 0 0.015 0.015 0.015 0.015 0.015 0.015 0.015 0.015 0 0.015 0.015 0.015 0.015 0.015 0.015 0.015 0.015 0 0.015 0.015 0.015 0.015 0.015 0.015 0.015 0.015 0 0.015 0.015 0.015 0.015 0.015 0.015 0.015 0.015 0 0.015 0.015 0.015 0.015 0.015 0.015 0.015 0.015 0 0.015 0.015 0.015 0.015 0.015 0.015 0.015 0.015 0 0.015 0.015 0.015 0.015 0.015 0.015 0.015 0.015 0 0.015 0.015 0.015 0.015 0.015 0.015 0.015 0.015 0 0.015 0.015 0.015 0.015 0.015 0.015 0.015 0.015 0 0.015 0.015 0.015 0.015 0.015 0.015 0.015 0.015 0 0.015 0.015 0.015 0.015 0.015 0.015 0.015 0.015 0 0.015 0.015 0.015 0.015 0.015 0.015 0.015 0.015 0 0.015 0.015 0.015 0.015 0.015 0.015 0.015 0.015 0 0.015 0.015 0.015 0.015 0.015 0.015 0 0.015 0 0 0.015 0.015 0  \
0 0.015 0.015 0 0 0.015 0 0.015 0.015 0.015 0.015 0.015 0.015 0 0.015 0.015 0.015 0.015 0.015 0.015 0.015 0.015 0 0.015 0.015 0.015 0.015 0.015 0.015 0.015 0.015 0 0.015 0.015 0.015 0.015 0.015 0.015 0.015 0.015 0 0.015 0.015 0.015 0.015 0.015 0.015 0.015 0.015 0 0.015 0.015 0.015 0.015 0.015 0.015 0.015 0.015 0 0.015 0.015 0.015 0.015 0.015 0.015 0.015 0.015 0 0.015 0.015 0.015 0.015 0.015 0.015 0.015 0.015 0 0.015 0.015 0.015 0.015 0.015 0.015 0.015 0.015 0 0.015 0.015 0.015 0.015 0.015 0.015 0.015 0.015 0 0.015 0.015 0.015 0.015 0.015 0.015 0.015 0.015 0 0.015 0.015 0.015 0.015 0.015 0.015 0.015 0.015 0 0.015 0.015 0.015 0.015 0.015 0.015 0.015 0.015 0 0.015 0.015 0.015 0.015 0.015 0.015 0.015 0.015 0 0.015 0.015 0.015 0.015 0.015 0.015 0 0.015 0 0 0.015 0.015 0  \
0 0.015 0.015 0 0 0.015 0 0.015 0.015 0.015 0.015 0.015 0.015 0 0.015 0.015 0.015 0.015 0.015 0.015 0.015 0.015 0 0.015 0.015 0.015 0.015 0.015 0.015 0.015 0.015 0 0.015 0.015 0.015 0.015 0.015 0.015 0.015 0.015 0 0.015 0.015 0.015 0.015 0.015 0.015 0.015 0.015 0 0.015 0.015 0.015 0.015 0.015 0.015 0.015 0.015 0 0.015 0.015 0.015 0.015 0.015 0.015 0.015 0.015 0 0.015 0.015 0.015 0.015 0.015 0.015 0.015 0.015 0 0.015 0.015 0.015 0.015 0.015 0.015 0.015 0.015 0 0.015 0.015 0.015 0.015 0.015 0.015 0.015 0.015 0 0.015 0.015 0.015 0.015 0.015 0.015 0.015 0.015 0 0.015 0.015 0.015 0.015 0.015 0.015 0.015 0.015 0 0.015 0.015 0.015 0.015 0.015 0.015 0.015 0.015 0 0.015 0.015 0.015 0.015 0.015 0.015 0.015 0.015 0 0.015 0.015 0.015 0.015 0.015 0.015 0 0.015 0 0 0.015 0.015 0  \
0 0.015 0.015 0 0 0.015 0 0.015 0.015 0.015 0.015 0.015 0.015 0 0.015 0.015 0.015 0.015 0.015 0.015 0.015 0.015 0 0.015 0.015 0.015 0.015 0.015 0.015 0.015 0.015 0 0.015 0.015 0.015 0.015 0.015 0.015 0.015 0.015 0 0.015 0.015 0.015 0.015 0.015 0.015 0.015 0.015 0 0.015 0.015 0.015 0.015 0.015 0.015 0.015 0.015 0 0.015 0.015 0.015 0.015 0.015 0.015 0.015 0.015 0 0.015 0.015 0.015 0.015 0.015 0.015 0.015 0.015 0 0.015 0.015 0.015 0.015 0.015 0.015 0.015 0.015 0 0.015 0.015 0.015 0.015 0.015 0.015 0.015 0.015 0 0.015 0.015 0.015 0.015 0.015 0.015 0.015 0.015 0 0.015 0.015 0.015 0.015 0.015 0.015 0.015 0.015 0 0.015 0.015 0.015 0.015 0.015 0.015 0.015 0.015 0 0.015 0.015 0.015 0.015 0.015 0.015 0.015 0.015 0 0.015 0.015 0.015 0.015 0.015 0.015 0 0.015 0 0 0.015 0.015 0  \
0 0.015 0.015 0 0 0.015 0 0.015 0.015 0.015 0.015 0.015 0.015 0 0.015 0.015 0.015 0.015 0.015 0.015 0.015 0.015 0 0.015 0.015 0.015 0.015 0.015 0.015 0.015 0.015 0 0.015 0.015 0.015 0.015 0.015 0.015 0.015 0.015 0 0.015 0.015 0.015 0.015 0.015 0.015 0.015 0.015 0 0.015 0.015 0.015 0.015 0.015 0.015 0.015 0.015 0 0.015 0.015 0.015 0.015 0.015 0.015 0.015 0.015 0 0.015 0.015 0.015 0.015 0.015 0.015 0.015 0.015 0 0.015 0.015 0.015 0.015 0.015 0.015 0.015 0.015 0 0.015 0.015 0.015 0.015 0.015 0.015 0.015 0.015 0 0.015 0.015 0.015 0.015 0.015 0.015 0.015 0.015 0 0.015 0.015 0.015 0.015 0.015 0.015 0.015 0.015 0 0.015 0.015 0.015 0.015 0.015 0.015 0.015 0.015 0 0.015 0.015 0.015 0.015 0.015 0.015 0.015 0.015 0 0.015 0.015 0.015 0.015 0.015 0.015 0 0.015 0 0 0.015 0.015 0  \
0 0.015 0.015 0 0 0.015 0 0.015 0.015 0.015 0.015 0.015 0.015 0 0.015 0.015 0.015 0.015 0.015 0.015 0.015 0.015 0 0.015 0.015 0.015 0.015 0.015 0.015 0.015 0.015 0 0.015 0.015 0.015 0.015 0.015 0.015 0.015 0.015 0 0.015 0.015 0.015 0.015 0.015 0.015 0.015 0.015 0 0.015 0.015 0.015 0.015 0.015 0.015 0.015 0.015 0 0.015 0.015 0.015 0.015 0.015 0.015 0.015 0.015 0 0.015 0.015 0.015 0.015 0.015 0.015 0.015 0.015 0 0.015 0.015 0.015 0.015 0.015 0.015 0.015 0.015 0 0.015 0.015 0.015 0.015 0.015 0.015 0.015 0.015 0 0.015 0.015 0.015 0.015 0.015 0.015 0.015 0.015 0 0.015 0.015 0.015 0.015 0.015 0.015 0.015 0.015 0 0.015 0.015 0.015 0.015 0.015 0.015 0.015 0.015 0 0.015 0.015 0.015 0.015 0.015 0.015 0.015 0.015 0 0.015 0.015 0.015 0.015 0.015 0.015 0 0.015 0 0 0.015 0.015 0  \
0 0.015 0.015 0 0 0.015 0 0.015 0.015 0.015 0.015 0.015 0.015 0 0.015 0.015 0.015 0.015 0.015 0.015 0.015 0.015 0 0.015 0.015 0.015 0.015 0.015 0.015 0.015 0.015 0 0.015 0.015 0.015 0.015 0.015 0.015 0.015 0.015 0 0.015 0.015 0.015 0.015 0.015 0.015 0.015 0.015 0 0.015 0.015 0.015 0.015 0.015 0.015 0.015 0.015 0 0.015 0.015 0.015 0.015 0.015 0.015 0.015 0.015 0 0.015 0.015 0.015 0.015 0.015 0.015 0.015 0.015 0 0.015 0.015 0.015 0.015 0.015 0.015 0.015 0.015 0 0.015 0.015 0.015 0.015 0.015 0.015 0.015 0.015 0 0.015 0.015 0.015 0.015 0.015 0.015 0.015 0.015 0 0.015 0.015 0.015 0.015 0.015 0.015 0.015 0.015 0 0.015 0.015 0.015 0.015 0.015 0.015 0.015 0.015 0 0.015 0.015 0.015 0.015 0.015 0.015 0.015 0.015 0 0.015 0.015 0.015 0.015 0.015 0.015 0 0.015 0 0 0.015 0.015 0  \
0 0.015 0.015 0 0 0.015 0 0.015 0.015 0.015 0.015 0.015 0.015 0 0.015 0.015 0.015 0.015 0.015 0.015 0.015 0.015 0 0.015 0.015 0.015 0.015 0.015 0.015 0.015 0.015 0 0.015 0.015 0.015 0.015 0.015 0.015 0.015 0.015 0 0.015 0.015 0.015 0.015 0.015 0.015 0.015 0.015 0 0.015 0.015 0.015 0.015 0.015 0.015 0.015 0.015 0 0.015 0.015 0.015 0.015 0.015 0.015 0.015 0.015 0 0.015 0.015 0.015 0.015 0.015 0.015 0.015 0.015 0 0.015 0.015 0.015 0.015 0.015 0.015 0.015 0.015 0 0.015 0.015 0.015 0.015 0.015 0.015 0.015 0.015 0 0.015 0.015 0.015 0.015 0.015 0.015 0.015 0.015 0 0.015 0.015 0.015 0.015 0.015 0.015 0.015 0.015 0 0.015 0.015 0.015 0.015 0.015 0.015 0.015 0.015 0 0.015 0.015 0.015 0.015 0.015 0.015 0.015 0.015 0 0.015 0.015 0.015 0.015 0.015 0.015 0 0.015 0 0 0.015 0.015 0  \
0 0.015 0.015 0 0 0.015 0 0.015 0.015 0.015 0.015 0.015 0.015 0 0.015 0.015 0.015 0.015 0.015 0.015 0.015 0.015 0 0.015 0.015 0.015 0.015 0.015 0.015 0.015 0.015 0 0.015 0.015 0.015 0.015 0.015 0.015 0.015 0.015 0 0.015 0.015 0.015 0.015 0.015 0.015 0.015 0.015 0 0.015 0.015 0.015 0.015 0.015 0.015 0.015 0.015 0 0.015 0.015 0.015 0.015 0.015 0.015 0.015 0.015 0 0.015 0.015 0.015 0.015 0.015 0.015 0.015 0.015 0 0.015 0.015 0.015 0.015 0.015 0.015 0.015 0.015 0 0.015 0.015 0.015 0.015 0.015 0.015 0.015 0.015 0 0.015 0.015 0.015 0.015 0.015 0.015 0.015 0.015 0 0.015 0.015 0.015 0.015 0.015 0.015 0.015 0.015 0 0.015 0.015 0.015 0.015 0.015 0.015 0.015 0.015 0 0.015 0.015 0.015 0.015 0.015 0.015 0.015 0.015 0 0.015 0.015 0.015 0.015 0.015 0.015 0 0.015 0 0 0.015 0.015 0  \
0 0.015 0.015 0 0 0.015 0 0.015 0.015 0.015 0.015 0.015 0.015 0 0.015 0.015 0.015 0.015 0.015 0.015 0.015 0.015 0 0.015 0.015 0.015 0.015 0.015 0.015 0.015 0.015 0 0.015 0.015 0.015 0.015 0.015 0.015 0.015 0.015 0 0.015 0.015 0.015 0.015 0.015 0.015 0.015 0.015 0 0.015 0.015 0.015 0.015 0.015 0.015 0.015 0.015 0 0.015 0.015 0.015 0.015 0.015 0.015 0.015 0.015 0 0.015 0.015 0.015 0.015 0.015 0.015 0.015 0.015 0 0.015 0.015 0.015 0.015 0.015 0.015 0.015 0.015 0 0.015 0.015 0.015 0.015 0.015 0.015 0.015 0.015 0 0.015 0.015 0.015 0.015 0.015 0.015 0.015 0.015 0 0.015 0.015 0.015 0.015 0.015 0.015 0.015 0.015 0 0.015 0.015 0.015 0.015 0.015 0.015 0.015 0.015 0 0.015 0.015 0.015 0.015 0.015 0.015 0.015 0.015 0 0.015 0.015 0.015 0.015 0.015 0.015 0 0.015 0 0 0.015 0.015 0  \
0 0.015 0.015 0 0 0.015 0 0.015 0.015 0.015 0.015 0.015 0.015 0 0.015 0.015 0.015 0.015 0.015 0.015 0.015 0.015 0 0.015 0.015 0.015 0.015 0.015 0.015 0.015 0.015 0 0.015 0.015 0.015 0.015 0.015 0.015 0.015 0.015 0 0.015 0.015 0.015 0.015 0.015 0.015 0.015 0.015 0 0.015 0.015 0.015 0.015 0.015 0.015 0.015 0.015 0 0.015 0.015 0.015 0.015 0.015 0.015 0.015 0.015 0 0.015 0.015 0.015 0.015 0.015 0.015 0.015 0.015 0 0.015 0.015 0.015 0.015 0.015 0.015 0.015 0.015 0 0.015 0.015 0.015 0.015 0.015 0.015 0.015 0.015 0 0.015 0.015 0.015 0.015 0.015 0.015 0.015 0.015 0 0.015 0.015 0.015 0.015 0.015 0.015 0.015 0.015 0 0.015 0.015 0.015 0.015 0.015 0.015 0.015 0.015 0 0.015 0.015 0.015 0.015 0.015 0.015 0.015 0.015 0 0.015 0.015 0.015 0.015 0.015 0.015 0 0.015 0 0 0.015 0.015 0  \
0 0.015 0.015 0 0 0.015 0 0.015 0.015 0.015 0.015 0.015 0.015 0 0.015 0.015 0.015 0.015 0.015 0.015 0.015 0.015 0 0.015 0.015 0.015 0.015 0.015 0.015 0.015 0.015 0 0.015 0.015 0.015 0.015 0.015 0.015 0.015 0.015 0 0.015 0.015 0.015 0.015 0.015 0.015 0.015 0.015 0 0.015 0.015 0.015 0.015 0.015 0.015 0.015 0.015 0 0.015 0.015 0.015 0.015 0.015 0.015 0.015 0.015 0 0.015 0.015 0.015 0.015 0.015 0.015 0.015 0.015 0 0.015 0.015 0.015 0.015 0.015 0.015 0.015 0.015 0 0.015 0.015 0.015 0.015 0.015 0.015 0.015 0.015 0 0.015 0.015 0.015 0.015 0.015 0.015 0.015 0.015 0 0.015 0.015 0.015 0.015 0.015 0.015 0.015 0.015 0 0.015 0.015 0.015 0.015 0.015 0.015 0.015 0.015 0 0.015 0.015 0.015 0.015 0.015 0.015 0.015 0.015 0 0.015 0.015 0.015 0.015 0.015 0.015 0 0.015 0 0 0.015 0.015 0  \
0 0.015 0.015 0 0 0.015 0 0 0 0.015 0.015 0.015 0.015 0 0.015 0 0 0 0.015 0.015 0.015 0.015 0 0.015 0 0 0 0.015 0.015 0.015 0.015 0 0.015 0 0 0 0.015 0.015 0.015 0.015 0 0.015 0 0 0 0.015 0.015 0.015 0.015 0 0.015 0 0 0 0.015 0.015 0.015 0.015 0 0.015 0 0 0 0.015 0.015 0.015 0.015 0 0.015 0 0 0 0.015 0.015 0.015 0.015 0 0.015 0 0 0 0.015 0.015 0.015 0.015 0 0.015 0 0 0 0.015 0.015 0.015 0.015 0 0.015 0 0 0 0.015 0.015 0.015 0.015 0 0.015 0 0 0 0.015 0.015 0.015 0.015 0 0.015 0 0 0 0.015 0.015 0.015 0.015 0 0.015 0 0 0 0.015 0.015 0.015 0.015 0 0.015 0 0 0 0.015 0.015 0 0.015 0 0 0 0 0 
ERNeuRadFiberCrosstalks: Float_t \
0 0 0 0 0 0.015 0 0.015 0.015 0 0 0 0.015 0 0.015 0.015 0.015 0.015 0 0 0 0.015 0 0.015 0.015 0.015 0.015 0 0 0 0.015 0 0.015 0.015 0.015 0.015 0 0 0 0.015 0 0.015 0.015 0.015 0.015 0 0 0 0.015 0 0.015 0.015 0.015 0.015 0 0 0 0.015 0 0.015 0.015 0.015 0.015 0 0 0 0.015 0 0.015 0.015 0.015 0.015 0 0 0 0.015 0 0.015 0.015 0.015 0.015 0 0 0 0.015 0 0.015 0.015 0.015 0.015 0 0 0 0.015 0 0.015 0.015 0.015 0.015 0 0 0 0.015 0 0.015 0.015 0.015 0.015 0 0 0 0.015 0 0.015 0.015 0.015 0.015 0 0 0 0.015 0 0.015 0.015 0.015 0.015 0 0 0 0.015 0 0.015 0.015 0.015 0.015 0 0 0 0.015 0 0 0.015 0.015 0  \
0 0.015 0.015 0 0 0.015 0 0.015 0.015 0.015 0.015 0.015 0.015 0 0.015 0.015 0.015 0.015 0.015 0.015 0.015 0.015 0 0.015 0.015 0.015 0.015 0.015 0.015 0.015 0.015 0 0.015 0.015 0.015 0.015 0.015 0.015 0.015 0.015 0 0.015 0.015 0.015 0.015 0.015 0.015 0.015 0.015 0 0.015 0.015 0.015 0.015 0.015 0.015 0.015 0.015 0 0.015 0.015 0.015 0.015 0.015 0.015 0.015 0.015 0 0.015 0.015 0.015 0.015 0.015 0.015 0.015 0.015 0 0.015 0.015 0.015 0.015 0.015 0.015 0.015 0.015 0 0.015 0.015 0.015 0.015 0.015 0.015 0.015 0.015 0 0.015 0.015 0.015 0.015 0.015 0.015 0.015 0.015 0 0.015 0.015 0.015 0.015 0.015 0.015 0.015 0.015 0 0.015 0.015 0.015 0.015 0.015 0.015 0.015 0.015 0 0.015 0.015 0.015 0.015 0.015 0.015 0.015 0.015 0 0.015 0.015 0.015 0.015 0.015 0.015 0 0.015 0 0 0.015 0.015 0  \
0 0.015 0.015 0 0 0.015 0 0.015 0.015 0.015 0.015 0.015 0.015 0 0.015 0.015 0.015 0.015 0.015 0.015 0.015 0.015 0 0.015 0.015 0.015 0.015 0.015 0.015 0.015 0.015 0 0.015 0.015 0.015 0.015 0.015 0.015 0.015 0.015 0 0.015 0.015 0.015 0.015 0.015 0.015 0.015 0.015 0 0.015 0.015 0.015 0.015 0.015 0.015 0.015 0.015 0 0.015 0.015 0.015 0.015 0.015 0.015 0.015 0.015 0 0.015 0.015 0.015 0.015 0.015 0.015 0.015 0.015 0 0.015 0.015 0.015 0.015 0.015 0.015 0.015 0.015 0 0.015 0.015 0.015 0.015 0.015 0.015 0.015 0.015 0 0.015 0.015 0.015 0.015 0.015 0.015 0.015 0.015 0 0.015 0.015 0.015 0.015 0.015 0.015 0.015 0.015 0 0.015 0.015 0.015 0.015 0.015 0.015 0.015 0.015 0 0.015 0.015 0.015 0.015 0.015 0.015 0.015 0.015 0 0.015 0.015 0.015 0.015 0.015 0.015 0 0.015 0 0 0.015 0.015 0  \
0 0.015 0.015 0 0 0.015 0 0.015 0.015 0.015 0.015 0.015 0.015 0 0.015 0.015 0.015 0.015 0.015 0.015 0.015 0.015 0 0.015 0.015 0.015 0.015 0.015 0.015 0.015 0.015 0 0.015 0.015 0.015 0.015 0.015 0.015 0.015 0.015 0 0.015 0.015 0.015 0.015 0.015 0.015 0.015 0.015 0 0.015 0.015 0.015 0.015 0.015 0.015 0.015 0.015 0 0.015 0.015 0.015 0.015 0.015 0.015 0.015 0.015 0 0.015 0.015 0.015 0.015 0.015 0.015 0.015 0.015 0 0.015 0.015 0.015 0.015 0.015 0.015 0.015 0.015 0 0.015 0.015 0.015 0.015 0.015 0.015 0.015 0.015 0 0.015 0.015 0.015 0.015 0.015 0.015 0.015 0.015 0 0.015 0.015 0.015 0.015 0.015 0.015 0.015 0.015 0 0.015 0.015 0.015 0.015 0.015 0.015 0.015 0.015 0 0.015 0.015 0.015 0.015 0.015 0.015 0.015 0.015 0 0.015 0.015 0.015 0.015 0.015 0.015 0 0.015 0 0 0.015 0.015 0  \
0 0.015 0.015 0 0 0.015 0 0.015 0.015 0.015 0.015 0.015 0.015 0 0.015 0.015 0.015 0.015 0.015 0.015 0.015 0.015 0 0.015 0.015 0.015 0.015 0.015 0.015 0.015 0.015 0 0.015 0.015 0.015 0.015 0.015 0.015 0.015 0.015 0 0.015 0.015 0.015 0.015 0.015 0.015 0.015 0.015 0 0.015 0.015 0.015 0.015 0.015 0.015 0.015 0.015 0 0.015 0.015 0.015 0.015 0.015 0.015 0.015 0.015 0 0.015 0.015 0.015 0.015 0.015 0.015 0.015 0.015 0 0.015 0.015 0.015 0.015 0.015 0.015 0.015 0.015 0 0.015 0.015 0.015 0.015 0.015 0.015 0.015 0.015 0 0.015 0.015 0.015 0.015 0.015 0.015 0.015 0.015 0 0.015 0.015 0.015 0.015 0.015 0.015 0.015 0.015 0 0.015 0.015 0.015 0.015 0.015 0.015 0.015 0.015 0 0.015 0.015 0.015 0.015 0.015 0.015 0.015 0.015 0 0.015 0.015 0.015 0.015 0.015 0.015 0 0.015 0 0 0.015 0.015 0  \
0 0.015 0.015 0 0 0.015 0 0.015 0.015 0.015 0.015 0.015 0.015 0 0.015 0.015 0.015 0.015 0.015 0.015 0.015 0.015 0 0.015 0.015 0.015 0.015 0.015 0.015 0.015 0.015 0 0.015 0.015 0.015 0.015 0.015 0.015 0.015 0.015 0 0.015 0.015 0.015 0.015 0.015 0.015 0.015 0.015 0 0.015 0.015 0.015 0.015 0.015 0.015 0.015 0.015 0 0.015 0.015 0.015 0.015 0.015 0.015 0.015 0.015 0 0.015 0.015 0.015 0.015 0.015 0.015 0.015 0.015 0 0.015 0.015 0.015 0.015 0.015 0.015 0.015 0.015 0 0.015 0.015 0.015 0.015 0.015 0.015 0.015 0.015 0 0.015 0.015 0.015 0.015 0.015 0.015 0.015 0.015 0 0.015 0.015 0.015 0.015 0.015 0.015 0.015 0.015 0 0.015 0.015 0.015 0.015 0.015 0.015 0.015 0.015 0 0.015 0.015 0.015 0.015 0.015 0.015 0.015 0.015 0 0.015 0.015 0.015 0.015 0.015 0.015 0 0.015 0 0 0.015 0.015 0  \
0 0.015 0.015 0 0 0.015 0 0.015 0.015 0.015 0.015 0.015 0.015 0 0.015 0.015 0.015 0.015 0.015 0.015 0.015 0.015 0 0.015 0.015 0.015 0.015 0.015 0.015 0.015 0.015 0 0.015 0.015 0.015 0.015 0.015 0.015 0.015 0.015 0 0.015 0.015 0.015 0.015 0.015 0.015 0.015 0.015 0 0.015 0.015 0.015 0.015 0.015 0.015 0.015 0.015 0 0.015 0.015 0.015 0.015 0.015 0.015 0.015 0.015 0 0.015 0.015 0.015 0.015 0.015 0.015 0.015 0.015 0 0.015 0.015 0.015 0.015 0.015 0.015 0.015 0.015 0 0.015 0.015 0.015 0.015 0.015 0.015 0.015 0.015 0 0.015 0.015 0.015 0.015 0.015 0.015 0.015 0.015 0 0.015 0.015 0.015 0.015 0.015 0.015 0.015 0.015 0 0.015 0.015 0.015 0.015 0.015 0.015 0.015 0.015 0 0.015 0.015 0.015 0.015 0.015 0.015 0.015 0.015 0 0.015 0.015 0.015 0.015 0.015 0.015 0 0.015 0 0 0.015 0.015 0  \
0 0.015 0.015 0 0 0.015 0 0.015 0.015 0.015 0.015 0.015 0.015 0 0.015 0.015 0.015 0.015 0.015 0.015 0.015 0.015 0 0.015 0.015 0.015 0.015 0.015 0.015 0.015 0.015 0 0.015 0.015 0.015 0.015 0.015 0.015 0.015 0.015 0 0.015 0.015 0.015 0.015 0.015 0.015 0.015 0.015 0 0.015 0.015 0.015 0.015 0.015 0.015 0.015 0.015 0 0.015 0.015 0.015 0.015 0.015 0.015 0.015 0.015 0 0.015 0.015 0.015 0.015 0.015 0.015 0.015 0.015 0 0.015 0.015 0.015 0.015 0.015 0.015 0.015 0.015 0 0.015 0.015 0.015 0.015 0.015 0.015 0.015 0.015 0 0.015 0.015 0.015 0.015 0.015 0.015 0.015 0.015 0 0.015 0.015 0.015 0.015 0.015 0.015 0.015 0.015 0 0.015 0.015 0.015 0.015 0.015 0.015 0.015 0.015 0 0.015 0.015 0.015 0.015 0.015 0.015 0.015 0.015 0 0.015 0.015 0.015 0.015 0.015 0.015 0 0.015 0 0 0.015 0.015 0  \
0 0.015 0.015 0 0 0.015 0 0.015 0.015 0.015 0.015 0.015 0.015 0 0.015 0.015 0.015 0.015 0.015 0.015 0.015 0.015 0 0.015 0.015 0.015 0.015 0.015 0.015 0.015 0.015 0 0.015 0.015 0.015 0.015 0.015 0.015 0.015 0.015 0 0.015 0.015 0.015 0.015 0.015 0.015 0.015 0.015 0 0.015 0.015 0.015 0.015 0.015 0.015 0.015 0.015 0 0.015 0.015 0.015 0.015 0.015 0.015 0.015 0.015 0 0.015 0.015 0.015 0.015 0.015 0.015 0.015 0.015 0 0.015 0.015 0.015 0.015 0.015 0.015 0.015 0.015 0 0.015 0.015 0.015 0.015 0.015 0.015 0.015 0.015 0 0.015 0.015 0.015 0.015 0.015 0.015 0.015 0.015 0 0.015 0.015 0.015 0.015 0.015 0.015 0.015 0.015 0 0.015 0.015 0.015 0.015 0.015 0.015 0.015 0.015 0 0.015 0.015 0.015 0.015 0.015 0.015 0.015 0.015 0 0.015 0.015 0.015 0.015 0.015 0.015 0 0.015 0 0 0.015 0.015 0  \
0 0.015 0.015 0 0 0.015 0 0.015 0.015 0.015 0.015 0.015 0.015 0 0.015 0.015 0.015 0.015 0.015 0.015 0.015 0.015 0 0.015 0.015 0.015 0.015 0.015 0.015 0.015 0.015 0 0.015 0.015 0.015 0.015 0.015 0.015 0.015 0.015 0 0.015 0.015 0.015 0.015 0.015 0.015 0.015 0.015 0 0.015 0.015 0.015 0.015 0.015 0.015 0.015 0.015 0 0.015 0.015 0.015 0.015 0.015 0.015 0.015 0.015 0 0.015 0.015 0.015 0.015 0.015 0.015 0.015 0.015 0 0.015 0.015 0.015 0.015 0.015 0.015 0.015 0.015 0 0.015 0.015 0.015 0.015 0.015 0.015 0.015 0.015 0 0.015 0.015 0.015 0.015 0.015 0.015 0.015 0.015 0 0.015 0.015 0.015 0.015 0.015 0.015 0.015 0.015 0 0.015 0.015 0.015 0.015 0.015 0.015 0.015 0.015 0 0.015 0.015 0.015 0.015 0.015 0.015 0.015 0.015 0 0.015 0.015 0.015 0.015 0.015 0.015 0 0.015 0 0 0.015 0.015 0  \
0 0.015 0.015 0 0 0.015 0 0.015 0.015 0.015 0.015 0.015 0.015 0 0.015 0.015 0.015 0.015 0.015 0.015 0.015 0.015 0 0.015 0.015 0.015 0.015 0.015 0.015 0.015 0.015 0 0.015 0.015 0.015 0.015 0.015 0.015 0.015 0.015 0 0.015 0.015 0.015 0.015 0.015 0.015 0.015 0.015 0 0.015 0.015 0.015 0.015 0.015 0.015 0.015 0.015 0 0.015 0.015 0.015 0.015 0.015 0.015 0.015 0.015 0 0.015 0.015 0.015 0.015 0.015 0.015 0.015 0.015 0 0.015 0.015 0.015 0.015 0.015 0.015 0.015 0.015 0 0.015 0.015 0.015 0.015 0.015 0.015 0.015 0.015 0 0.015 0.015 0.015 0.015 0.015 0.015 0.015 0.015 0 0.015 0.015 0.015 0.015 0.015 0.015 0.015 0.015 0 0.015 0.015 0.015 0.015 0.015 0.015 0.015 0.015 0 0.015 0.015 0.015 0.015 0.015 0.015 0.015 0.015 0 0.015 0.015 0.015 0.015 0.015 0.015 0 0.015 0 0 0.015 0.015 0  \
0 0.015 0.015 0 0 0.015 0 0.015 0.015 0.015 0.015 0.015 0.015 0 0.015 0.015 0.015 0.015 0.015 0.015 0.015 0.015 0 0.015 0.015 0.015 0.015 0.015 0.015 0.015 0.015 0 0.015 0.015 0.015 0.015 0.015 0.015 0.015 0.015 0 0.015 0.015 0.015 0.015 0.015 0.015 0.015 0.015 0 0.015 0.015 0.015 0.015 0.015 0.015 0.015 0.015 0 0.015 0.015 0.015 0.015 0.015 0.015 0.015 0.015 0 0.015 0.015 0.015 0.015 0.015 0.015 0.015 0.015 0 0.015 0.015 0.015 0.015 0.015 0.015 0.015 0.015 0 0.015 0.015 0.015 0.015 0.015 0.015 0.015 0.015 0 0.015 0.015 0.015 0.015 0.015 0.015 0.015 0.015 0 0.015 0.015 0.015 0.015 0.015 0.015 0.015 0.015 0 0.015 0.015 0.015 0.015 0.015 0.015 0.015 0.015 0 0.015 0.015 0.015 0.015 0.015 0.015 0.015 0.015 0 0.015 0.015 0.015 0.015 0.015 0.015 0 0.015 0 0 0.015 0.015 0  \
0 0.015 0.015 0 0 0.015 0 0.015 0.015 0.015 0.015 0.015 0.015 0 0.015 0.015 0.015 0.015 0.015 0.015 0.015 0.015 0 0.015 0.015 0.015 0.015 0.015 0.015 0.015 0.015 0 0.015 0.015 0.015 0.015 0.015 0.015 0.015 0.015 0 0.015 0.015 0.015 0.015 0.015 0.015 0.015 0.015 0 0.015 0.015 0.015 0.015 0.015 0.015 0.015 0.015 0 0.015 0.015 0.015 0.015 0.015 0.015 0.015 0.015 0 0.015 0.015 0.015 0.015 0.015 0.015 0.015 0.015 0 0.015 0.015 0.015 0.015 0.015 0.015 0.015 0.015 0 0.015 0.015 0.015 0.015 0.015 0.015 0.015 0.015 0 0.015 0.015 0.015 0.015 0.015 0.015 0.015 0.015 0 0.015 0.015 0.015 0.015 0.015 0.015 0.015 0.015 0 0.015 0.015 0.015 0.015 0.015 0.015 0.015 0.015 0 0.015 0.015 0.015 0.015 0.015 0.015 0.015 0.015 0 0.015 0.015 0.015 0.015 0.015 0.015 0 0.015 0 0 0.015 0.015 0  \
0 0.015 0.015 0 0 0.015 0 0.015 0.015 0.015 0.015 0.015 0.015 0 0.015 0.015 0.015 0.015 0.015 0.015 0.015 0.015 0 0.015 0.015 0.015 0.015 0.015 0.015 0.015 0.015 0 0.015 0.015 0.015 0.015 0.015 0.015 0.015 0.015 0 0.015 0.015 0.015 0.015 0.015 0.015 0.015 0.015 0 0.015 0.015 0.015 0.015 0.015 0.015 0.015 0.015 0 0.015 0.015 0.015 0.015 0.015 0.015 0.015 0.015 0 0.015 0.015 0.015 0.015 0.015 0.015 0.015 0.015 0 0.015 0.015 0.015 0.015 0.015 0.015 0.015 0.015 0 0.015 0.015 0.015 0.015 0.015 0.015 0.015 0.015 0 0.015 0.015 0.015 0.015 0.015 0.015 0.015 0.015 0 0.015 0.015 0.015 0.015 0.015 0.015 0.015 0.015 0 0.015 0.015 0.015 0.015 0.015 0.015 0.015 0.015 0 0.015 0.015 0.015 0.015 0.015 0.015 0.015 0.015 0 0.015 0.015 0.015 0.015 0.015 0.015 0 0.015 0 0 0.015 0.015 0  \
0 0.015 0.015 0 0 0.015 0 0.015 0.015 0.015 0.015 0.015 0.015 0 0.015 0.015 0.015 0.015 0.015 0.015 0.015 0.015 0 0.015 0.015 0.015 0.015 0.015 0.015 0.015 0.015 0 0.015 0.015 0.015 0.015 0.015 0.015 0.015 0.015 0 0.015 0.015 0.015 0.015 0.015 0.015 0.015 0.015 0 0.015 0.015 0.015 0.015 0.015 0.015 0.015 0.015 0 0.015 0.015 0.015 0.015 0.015 0.015 0.015 0.015 0 0.015 0.015 0.015 0.015 0.015 0.015 0.015 0.015 0 0.015 0.015 0.015 0.015 0.015 0.015 0.015 0.015 0 0.015 0.015 0.015 0.015 0.015 0.015 0.015 0.015 0 0.015 0.015 0.015 0.015 0.015 0.015 0.015 0.015 0 0.015 0.015 0.015 0.015 0.015 0.015 0.015 0.015 0 0.015 0.015 0.015 0.015 0.015 0.015 0.015 0.015 0 0.015 0.015 0.015 0.015 0.015 0.015 0.015 0.015 0 0.015 0.015 0.015 0.015 0.015 0.015 0 0.015 0 0 0.015 0.015 0  \
0 0.015 0.015 0 0 0.015 0 0 0 0.015 0.015 0.015 0.015 0 0.015 0 0 0 0.015 0.015 0.015 0.015 0 0.015 0 0 0 0.015 0.015 0.015 0.015 0 0.015 0 0 0 0.015 0.015 0.015 0.015 0 0.015 0 0 0 0.015 0.015 0.015 0.015 0 0.015 0 0 0 0.015 0.015 0.015 0.015 0 0.015 0 0 0 0.015 0.015 0.015 0.015 0 0.015 0 0 0 0.015 0.015 0.015 0.015 0 0.015 0 0 0 0.015 0.015 0.015 0.015 0 0.015 0 0 0 0.015 0.015 0.015 0.015 0 0.015 0 0 0 0.015 0.015 0.015 0.015 0 0.015 0 0 0 0.015 0.015 0.015 0.015 0 0.015 0 0 0 0.015 0.015 0.015 0.015 0 0.015 0 0 0 0.015 0.015 0.015 0.015 0 0.015 0 0 0 0.015 0.015 0 0.015 0 0 0 0 0 
