//-------------------------------------------------------------
//----------- Digitisation parameter for NeuRad    ------------
//-------------------------------------------------------------
[ERNeuRadDigiPar]
//-------------------------------------------------------------
ERNeuRadFiberLength: Float_t 100.0
ERNeuRadNofFibers: Int_t 64
ERNeuRadPMTQuantumEfficiency: Float_t  \
                        0.2 0.2 0.2 0.2 0.2 0.2 0.2 0.2 \
                        0.2 0.2 0.2 0.2 0.2 0.2 0.2 0.2 \
                        0.2 0.2 0.2 0.2 0.2 0.2 0.2 0.2 \
                        0.2 0.2 0.2 0.2 0.2 0.2 0.2 0.2 \
                        0.2 0.2 0.2 0.2 0.2 0.2 0.2 0.2 \
                        0.2 0.2 0.2 0.2 0.2 0.2 0.2 0.2 \
                        0.2 0.2 0.2 0.2 0.2 0.2 0.2 0.2 \
                        0.2 0.2 0.2 0.2 0.2 0.2 0.2 0.2
ERNeuRadPMTGain: Float_t \ //[mV/p.e]
                        5.0 5.0 5.0 5.0 5.0 5.0 5.0 5.0 \
                        5.0 5.0 5.0 5.0 5.0 5.0 5.0 5.0 \
                        5.0 5.0 5.0 5.0 5.0 5.0 5.0 5.0 \
                        5.0 5.0 5.0 5.0 5.0 5.0 5.0 5.0 \
                        5.0 5.0 5.0 5.0 5.0 5.0 5.0 5.0 \
                        5.0 5.0 5.0 5.0 5.0 5.0 5.0 5.0 \
                        5.0 5.0 5.0 5.0 5.0 5.0 5.0 5.0 \
                        5.0 5.0 5.0 5.0 5.0 5.0 5.0 5.0