//-------------------------------------------------------------
//----------- Digitisation parameter for NeuRad    ------------
//-------------------------------------------------------------
[ERNeuRadDigiPar]
//-------------------------------------------------------------
ERNeuRadPMTQuantumEfficiency: Float_t \
0.2 0.2 0.2 0.2 0.2 0.2 0.2 0.2  \
0.2 0.2 0.2 0.2 0.2 0.2 0.2 0.2  \
0.2 0.2 0.2 0.2 0.2 0.2 0.2 0.2  \
0.2 0.2 0.2 0.2 0.2 0.2 0.2 0.2  \
0.2 0.2 0.2 0.2 0.2 0.2 0.2 0.2  \
0.2 0.2 0.2 0.2 0.2 0.2 0.2 0.2  \
0.2 0.2 0.2 0.2 0.2 0.2 0.2 0.2  \
0.2 0.2 0.2 0.2 0.2 0.2 0.2 0.2 
ERNeuRadPMTGain: Float_t \ //[mV/p.e]
5 5 5 5 5 5 5 5  \
5 5 5 5 5 5 5 5  \
5 5 5 5 5 5 5 5  \
5 5 5 5 5 5 5 5  \
5 5 5 5 5 5 5 5  \
5 5 5 5 5 5 5 5  \
5 5 5 5 5 5 5 5  \
5 5 5 5 5 5 5 5 
ERNeuRadPMTSigma: Float_t \
5 5 5 5 5 5 5 5  \
5 5 5 5 5 5 5 5  \
5 5 5 5 5 5 5 5  \
5 5 5 5 5 5 5 5  \
5 5 5 5 5 5 5 5  \
5 5 5 5 5 5 5 5  \
5 5 5 5 5 5 5 5  \
5 5 5 5 5 5 5 5 
ERNeuRadPMTCrosstalks: Float_t \
0 0 0 0 0 0.01 0 0.01 0.005 0 0 0 0.01 0 0.01 0.005 0.01 0.005 0 0 0 0.01 0 0.01 0.005 0.01 0.005 0 0 0 0.01 0 0.01 0.005 0.01 0.005 0 0 0 0.01 0 0.01 0.005 0.01 0.005 0 0 0 0.01 0 0.01 0.005 0.01 0.005 0 0 0 0.01 0 0.01 0.005 0.01 0.005 0 0 0 0.01 0 0 0.005 0.01 0  \
0 0.01 0.005 0 0 0.01 0 0.01 0.005 0.005 0.01 0.005 0.01 0 0.01 0.005 0.01 0.005 0.005 0.01 0.005 0.01 0 0.01 0.005 0.01 0.005 0.005 0.01 0.005 0.01 0 0.01 0.005 0.01 0.005 0.005 0.01 0.005 0.01 0 0.01 0.005 0.01 0.005 0.005 0.01 0.005 0.01 0 0.01 0.005 0.01 0.005 0.005 0.01 0.005 0.01 0 0.01 0.005 0.01 0.005 0.005 0.01 0 0.01 0 0 0.005 0.01 0  \
0 0.01 0.005 0 0 0.01 0 0.01 0.005 0.005 0.01 0.005 0.01 0 0.01 0.005 0.01 0.005 0.005 0.01 0.005 0.01 0 0.01 0.005 0.01 0.005 0.005 0.01 0.005 0.01 0 0.01 0.005 0.01 0.005 0.005 0.01 0.005 0.01 0 0.01 0.005 0.01 0.005 0.005 0.01 0.005 0.01 0 0.01 0.005 0.01 0.005 0.005 0.01 0.005 0.01 0 0.01 0.005 0.01 0.005 0.005 0.01 0 0.01 0 0 0.005 0.01 0  \
0 0.01 0.005 0 0 0.01 0 0.01 0.005 0.005 0.01 0.005 0.01 0 0.01 0.005 0.01 0.005 0.005 0.01 0.005 0.01 0 0.01 0.005 0.01 0.005 0.005 0.01 0.005 0.01 0 0.01 0.005 0.01 0.005 0.005 0.01 0.005 0.01 0 0.01 0.005 0.01 0.005 0.005 0.01 0.005 0.01 0 0.01 0.005 0.01 0.005 0.005 0.01 0.005 0.01 0 0.01 0.005 0.01 0.005 0.005 0.01 0 0.01 0 0 0.005 0.01 0  \
0 0.01 0.005 0 0 0.01 0 0.01 0.005 0.005 0.01 0.005 0.01 0 0.01 0.005 0.01 0.005 0.005 0.01 0.005 0.01 0 0.01 0.005 0.01 0.005 0.005 0.01 0.005 0.01 0 0.01 0.005 0.01 0.005 0.005 0.01 0.005 0.01 0 0.01 0.005 0.01 0.005 0.005 0.01 0.005 0.01 0 0.01 0.005 0.01 0.005 0.005 0.01 0.005 0.01 0 0.01 0.005 0.01 0.005 0.005 0.01 0 0.01 0 0 0.005 0.01 0  \
0 0.01 0.005 0 0 0.01 0 0.01 0.005 0.005 0.01 0.005 0.01 0 0.01 0.005 0.01 0.005 0.005 0.01 0.005 0.01 0 0.01 0.005 0.01 0.005 0.005 0.01 0.005 0.01 0 0.01 0.005 0.01 0.005 0.005 0.01 0.005 0.01 0 0.01 0.005 0.01 0.005 0.005 0.01 0.005 0.01 0 0.01 0.005 0.01 0.005 0.005 0.01 0.005 0.01 0 0.01 0.005 0.01 0.005 0.005 0.01 0 0.01 0 0 0.005 0.01 0  \
0 0.01 0.005 0 0 0.01 0 0.01 0.005 0.005 0.01 0.005 0.01 0 0.01 0.005 0.01 0.005 0.005 0.01 0.005 0.01 0 0.01 0.005 0.01 0.005 0.005 0.01 0.005 0.01 0 0.01 0.005 0.01 0.005 0.005 0.01 0.005 0.01 0 0.01 0.005 0.01 0.005 0.005 0.01 0.005 0.01 0 0.01 0.005 0.01 0.005 0.005 0.01 0.005 0.01 0 0.01 0.005 0.01 0.005 0.005 0.01 0 0.01 0 0 0.005 0.01 0  \
0 0.01 0.01 0 0 0.01 0 0 0 0.005 0.01 0.005 0.01 0 0.01 0 0 0 0.005 0.01 0.005 0.01 0 0.01 0 0 0 0.005 0.01 0.005 0.01 0 0.01 0 0 0 0.005 0.01 0.005 0.01 0 0.01 0 0 0 0.005 0.01 0.005 0.01 0 0.01 0 0 0 0.005 0.01 0.005 0.01 0 0.01 0 0 0 0.005 0.01 0 0.01 0 0 0 0 0 
