13.175 13.7022 13.7284 13.7414 13.8295 13.7363 13.7153 13.6715 13.7095 13.7714 13.8788 13.9258 14.0658 14.2038 14.2937 14.4466 
13.5777 13.0034 13.6508 13.671 13.7086 13.6891 13.6601 13.6503 13.6779 13.7151 13.834 13.8558 13.9211 14.0321 14.1121 14.2554 
13.5014 13.4984 12.8959 13.6153 13.676 13.6465 13.6239 13.6492 13.6637 13.6787 13.7669 13.7914 13.821 13.8471 13.958 14.0212 
13.4505 13.435 13.4828 12.9353 13.6274 13.6413 13.6288 13.6344 13.664 13.6885 13.6994 13.7004 13.7012 13.7091 13.8143 13.8607 
13.4171 13.4106 13.4464 13.5252 13.0479 13.6572 13.6559 13.6688 13.701 13.7765 13.7682 13.6827 13.7538 13.6742 13.7621 13.8005 
13.385 13.3959 13.4548 13.5957 13.6427 13.0954 13.761 13.768 13.7808 13.7663 13.7558 13.7162 13.6438 13.6454 13.6564 13.7557 
13.336 13.3462 13.4947 13.632 13.7767 13.8254 13.1438 13.8161 13.8149 13.8208 13.7021 13.6832 13.6607 13.6548 13.679 13.6876 
12.2828 12.3096 12.4504 12.6121 12.7854 12.8142 12.7912 12.1144 12.7716 12.7825 12.6867 12.6684 12.6596 12.6348 12.6414 12.6686 
13.4515 13.4807 13.6062 13.684 13.8464 13.8485 13.8525 13.8468 13.053 13.8562 13.828 13.8246 13.8173 13.7999 13.8115 13.8364 
13.3672 13.4781 13.5277 13.6804 13.7202 13.8391 13.8334 13.8301 13.8349 12.9662 13.7383 13.7969 13.7246 13.8216 13.8384 13.8574 
13.3418 13.3621 13.4848 13.5188 13.6605 13.5837 13.5801 13.5918 13.5919 13.6496 12.7659 13.6484 13.658 13.6958 13.7153 13.7558 
13.497 13.4086 13.4199 13.5117 13.5466 13.5427 13.5346 13.5427 13.5625 13.5681 13.5577 12.6844 13.5976 13.695 13.7257 13.856 
13.5293 13.5232 13.5048 13.4894 13.5022 13.4948 13.4888 13.5039 13.5247 13.618 13.6117 13.6338 12.8556 13.7697 13.8174 13.8779 
13.6722 13.6345 13.6757 13.6643 13.6673 13.5419 13.5206 13.5192 13.6224 13.655 13.6813 13.7098 13.7991 12.9765 13.9858 14.17 
13.7861 13.7044 13.7809 13.8198 13.8133 13.6589 13.6305 13.6126 13.6436 13.6806 13.7863 13.8227 13.8708 14.0148 13.1784 14.3023 
14.0579 14.0323 14.0403 14.0085 14.0745 13.9544 13.8147 13.849 13.8501 13.9325 13.9375 14.0754 14.2585 29.9608 14.4378 nan 
