4.5 0.0448573496944
4.6 0.087071447189
4.7 0.126858356665
4.8 0.164410246312
4.9 0.199891413123
5   0.233459173925
5.1 0.26523651571
5.2 0.295359837723
5.3 0.323926242308
5.4 0.351043262125
5.5 0.376782372085
5.6 0.401239647839
5.7 0.424488782714
5.8 0.446601969793
5.9 0.467643440141
6   0.487677416647
6.1 0.50676165274
6.2 0.524946638478
...
179.1   0.999999996383
179.2   0.999999997186
179.3   0.99999999789
179.4   0.999999998493
179.5   0.999999998995
179.6   0.999999999397
179.7   0.999999999698
179.8   0.999999999899
179.9   1
180 1
